1.0000e-22 0.0000e+00 
7.0170e-22 0.0000e+00 
1.3030e-21 0.0000e+00 
1.9050e-21 0.0000e+00 
2.5070e-21 0.0000e+00 
3.1080e-21 0.0000e+00 
3.7100e-21 0.0000e+00 
4.3120e-21 0.0000e+00 
4.9130e-21 0.0000e+00 
5.5150e-21 0.0000e+00 
6.1170e-21 0.0000e+00 
6.7180e-21 0.0000e+00 
7.3200e-21 0.0000e+00 
7.9220e-21 0.0000e+00 
8.5230e-21 0.0000e+00 
9.1250e-21 0.0000e+00 
9.7270e-21 0.0000e+00 
1.0330e-20 0.0000e+00 
1.0930e-20 0.0000e+00 
1.1530e-20 0.0000e+00 
1.2130e-20 0.0000e+00 
1.2740e-20 0.0000e+00 
1.3340e-20 0.0000e+00 
1.3940e-20 0.0000e+00 
1.4540e-20 0.0000e+00 
1.5140e-20 0.0000e+00 
1.5740e-20 0.0000e+00 
1.6350e-20 0.0000e+00 
1.6950e-20 0.0000e+00 
1.7550e-20 0.0000e+00 
1.8150e-20 0.0000e+00 
1.8750e-20 0.0000e+00 
1.9350e-20 0.0000e+00 
1.9960e-20 0.0000e+00 
2.0560e-20 0.0000e+00 
2.1160e-20 0.0000e+00 
2.1760e-20 0.0000e+00 
2.2360e-20 0.0000e+00 
2.2960e-20 0.0000e+00 
2.3570e-20 0.0000e+00 
2.4170e-20 0.0000e+00 
2.4770e-20 0.0000e+00 
2.5370e-20 0.0000e+00 
2.5970e-20 0.0000e+00 
2.6570e-20 0.0000e+00 
2.7180e-20 0.0000e+00 
2.7780e-20 0.0000e+00 
2.8380e-20 0.0000e+00 
2.8980e-20 0.0000e+00 
2.9580e-20 0.0000e+00 
3.0180e-20 6.6230e-22 
3.0790e-20 1.1360e-21 
3.1390e-20 1.9090e-21 
3.1990e-20 3.1490e-21 
3.2590e-20 5.1000e-21 
3.3190e-20 8.1220e-21 
3.3790e-20 1.2730e-20 
3.4400e-20 1.9630e-20 
3.5000e-20 2.9850e-20 
3.5600e-20 4.4780e-20 
3.6200e-20 6.6290e-20 
3.6800e-20 9.6910e-20 
3.7400e-20 1.4000e-19 
3.8010e-20 2.0000e-19 
3.8610e-20 2.8250e-19 
3.9210e-20 3.9510e-19 
3.9810e-20 6.4350e-19 
4.0410e-20 8.8810e-19 
4.1010e-20 1.2150e-18 
4.1620e-20 1.6470e-18 
4.2220e-20 2.2150e-18 
4.2820e-20 2.9560e-18 
4.3420e-20 3.9150e-18 
4.4020e-20 5.1470e-18 
4.4620e-20 6.7200e-18 
4.5230e-20 8.7140e-18 
4.5830e-20 1.1230e-17 
4.6430e-20 1.4380e-17 
4.7030e-20 1.8300e-17 
4.7630e-20 2.3160e-17 
4.8230e-20 2.9150e-17 
4.8840e-20 3.6490e-17 
4.9440e-20 4.5440e-17 
5.0040e-20 5.6310e-17 
5.0640e-20 6.9440e-17 
5.1240e-20 8.5790e-17 
5.1840e-20 1.0480e-16 
5.2450e-20 1.2760e-16 
5.3050e-20 1.5460e-16 
5.3650e-20 1.8650e-16 
5.4250e-20 2.2420e-16 
5.4850e-20 2.6840e-16 
5.5450e-20 3.2020e-16 
5.6060e-20 3.8060e-16 
5.6660e-20 4.5090e-16 
5.7260e-20 5.3230e-16 
5.7860e-20 6.2640e-16 
5.8460e-20 7.3490e-16 
5.9060e-20 8.5940e-16 
5.9670e-20 1.0020e-15 
6.0270e-20 1.1650e-15 
6.0870e-20 1.3500e-15 
6.1470e-20 1.5610e-15 
6.2070e-20 1.8000e-15 
6.2670e-20 2.0700e-15 
6.3280e-20 2.3750e-15 
6.3880e-20 2.7170e-15 
6.4480e-20 3.1020e-15 
6.5080e-20 3.5330e-15 
6.5680e-20 4.0150e-15 
6.6280e-20 4.5520e-15 
6.6890e-20 5.1490e-15 
6.7490e-20 5.8140e-15 
6.8090e-20 6.5500e-15 
6.8690e-20 7.3650e-15 
6.9290e-20 8.2650e-15 
6.9890e-20 9.2570e-15 
7.0500e-20 1.0350e-14 
7.1100e-20 1.1550e-14 
7.1700e-20 1.2870e-14 
7.2300e-20 1.4310e-14 
7.2900e-20 1.5890e-14 
7.3500e-20 1.7610e-14 
7.4110e-20 1.9490e-14 
7.4710e-20 2.1530e-14 
7.5310e-20 2.3750e-14 
7.5910e-20 2.6160e-14 
7.6510e-20 2.8770e-14 
7.7110e-20 3.1600e-14 
7.7720e-20 3.4660e-14 
7.8320e-20 3.7960e-14 
7.8920e-20 4.1520e-14 
7.9520e-20 4.5360e-14 
8.0120e-20 4.9480e-14 
8.0720e-20 5.3910e-14 
8.1330e-20 5.8670e-14 
8.1930e-20 6.3760e-14 
8.2530e-20 6.9220e-14 
8.3130e-20 7.5170e-14 
8.3730e-20 8.1410e-14 
8.4330e-20 8.8080e-14 
8.4940e-20 9.5190e-14 
8.5540e-20 1.0280e-13 
8.6140e-20 1.1080e-13 
8.6740e-20 1.1940e-13 
8.7340e-20 1.2850e-13 
8.7940e-20 1.3810e-13 
8.8550e-20 1.4840e-13 
8.9150e-20 1.5920e-13 
8.9750e-20 1.7070e-13 
9.0350e-20 1.8290e-13 
9.0950e-20 1.9570e-13 
9.1550e-20 2.0930e-13 
9.2160e-20 2.2350e-13 
9.2760e-20 2.3860e-13 
9.3360e-20 2.5450e-13 
9.3960e-20 2.7120e-13 
9.4560e-20 2.8880e-13 
9.5160e-20 3.0730e-13 
9.5770e-20 3.2670e-13 
9.6370e-20 3.4710e-13 
9.6970e-20 3.6840e-13 
9.7570e-20 3.9090e-13 
9.8170e-20 4.1430e-13 
9.8770e-20 4.3890e-13 
9.9380e-20 4.6460e-13 
9.9980e-20 4.9150e-13 
1.0060e-19 5.1960e-13 
1.0120e-19 5.4900e-13 
1.0180e-19 5.7960e-13 
1.0240e-19 6.1150e-13 
1.0300e-19 6.4490e-13 
1.0360e-19 6.7960e-13 
1.0420e-19 7.1570e-13 
1.0480e-19 7.5450e-13 
1.0540e-19 7.9370e-13 
1.0600e-19 8.3440e-13 
1.0660e-19 8.7680e-13 
1.0720e-19 9.2080e-13 
1.0780e-19 9.6650e-13 
1.0840e-19 1.0140e-12 
1.0900e-19 1.0630e-12 
1.0960e-19 1.1140e-12 
1.1020e-19 1.1670e-12 
1.1080e-19 1.2220e-12 
1.1140e-19 1.2790e-12 
1.1200e-19 1.3370e-12 
1.1260e-19 1.3980e-12 
1.1320e-19 1.4610e-12 
1.1380e-19 1.5260e-12 
1.1440e-19 1.5930e-12 
1.1500e-19 1.6630e-12 
1.1560e-19 1.7340e-12 
1.1620e-19 1.8080e-12 
1.1680e-19 1.8840e-12 
1.1740e-19 1.9630e-12 
1.1800e-19 2.0440e-12 
1.1860e-19 2.1280e-12 
1.1920e-19 2.2140e-12 
1.1980e-19 2.3030e-12 
1.2040e-19 2.3940e-12 
1.2100e-19 2.4890e-12 
1.2160e-19 2.5860e-12 
1.2220e-19 2.6850e-12 
1.2280e-19 2.7880e-12 
1.2340e-19 2.8930e-12 
1.2400e-19 3.0010e-12 
1.2460e-19 3.1130e-12 
1.2520e-19 3.2270e-12 
1.2580e-19 3.3440e-12 
1.2650e-19 3.4650e-12 
1.2710e-19 3.5890e-12 
1.2770e-19 3.7160e-12 
1.2830e-19 3.8460e-12 
1.2890e-19 3.9790e-12 
1.2950e-19 4.1160e-12 
1.3010e-19 4.2570e-12 
1.3070e-19 4.4000e-12 
1.3130e-19 4.5480e-12 
1.3190e-19 4.6990e-12 
1.3250e-19 4.8540e-12 
1.3310e-19 5.0120e-12 
1.3370e-19 5.1740e-12 
1.3430e-19 5.3390e-12 
1.3490e-19 5.5090e-12 
1.3550e-19 5.6820e-12 
1.3610e-19 5.8600e-12 
1.3670e-19 6.0410e-12 
1.3730e-19 6.2260e-12 
1.3790e-19 6.4150e-12 
1.3850e-19 6.6090e-12 
1.3910e-19 6.8060e-12 
1.3970e-19 7.0080e-12 
1.4030e-19 7.2140e-12 
1.4090e-19 7.4250e-12 
1.4150e-19 7.6390e-12 
1.4210e-19 7.8580e-12 
1.4270e-19 8.0820e-12 
1.4330e-19 8.3100e-12 
1.4390e-19 8.5430e-12 
1.4450e-19 8.7800e-12 
1.4510e-19 9.0220e-12 
1.4570e-19 9.2690e-12 
1.4630e-19 9.5200e-12 
1.4690e-19 9.7760e-12 
1.4750e-19 1.0040e-11 
1.4810e-19 1.0300e-11 
1.4870e-19 1.0570e-11 
1.4930e-19 1.0850e-11 
1.4990e-19 1.1130e-11 
1.5050e-19 1.1420e-11 
1.5110e-19 1.1710e-11 
1.5170e-19 1.2000e-11 
1.5230e-19 1.2310e-11 
1.5290e-19 1.2610e-11 
1.5350e-19 1.2920e-11 
1.5410e-19 1.3240e-11 
1.5470e-19 1.3560e-11 
1.5530e-19 1.3890e-11 
1.5590e-19 1.4230e-11 
1.5650e-19 1.4570e-11 
1.5710e-19 1.4910e-11 
1.5770e-19 1.5260e-11 
1.5830e-19 1.5620e-11 
1.5890e-19 1.5980e-11 
1.5950e-19 1.6350e-11 
1.6010e-19 1.6720e-11 
1.6070e-19 1.7100e-11 
1.6130e-19 1.7490e-11 
1.6190e-19 1.7880e-11 
1.6260e-19 1.8280e-11 
1.6320e-19 1.8680e-11 
1.6380e-19 1.9080e-11 
1.6440e-19 1.9500e-11 
1.6500e-19 1.9920e-11 
1.6560e-19 2.0350e-11 
1.6620e-19 2.0790e-11 
1.6680e-19 2.1230e-11 
1.6740e-19 2.1670e-11 
1.6800e-19 2.2130e-11 
1.6860e-19 2.2590e-11 
1.6920e-19 2.3050e-11 
1.6980e-19 2.3530e-11 
1.7040e-19 2.4010e-11 
1.7100e-19 2.4490e-11 
1.7160e-19 2.4980e-11 
1.7220e-19 2.5480e-11 
1.7280e-19 2.5990e-11 
1.7340e-19 2.6500e-11 
1.7400e-19 2.7020e-11 
1.7460e-19 2.7550e-11 
1.7520e-19 2.8090e-11 
1.7580e-19 2.8630e-11 
1.7640e-19 2.9170e-11 
1.7700e-19 2.9730e-11 
1.7760e-19 3.0290e-11 
1.7820e-19 3.0860e-11 
1.7880e-19 3.1440e-11 
1.7940e-19 3.2020e-11 
1.8000e-19 3.2610e-11 
