1.0000e-22 0.0000e+00 
7.0170e-22 0.0000e+00 
1.3030e-21 0.0000e+00 
1.9050e-21 0.0000e+00 
2.5070e-21 0.0000e+00 
3.1080e-21 0.0000e+00 
3.7100e-21 0.0000e+00 
4.3120e-21 0.0000e+00 
4.9130e-21 0.0000e+00 
5.5150e-21 0.0000e+00 
6.1170e-21 0.0000e+00 
6.7180e-21 0.0000e+00 
7.3200e-21 0.0000e+00 
7.9220e-21 0.0000e+00 
8.5230e-21 0.0000e+00 
9.1250e-21 0.0000e+00 
9.7270e-21 0.0000e+00 
1.0330e-20 0.0000e+00 
1.0930e-20 0.0000e+00 
1.1530e-20 0.0000e+00 
1.2130e-20 0.0000e+00 
1.2740e-20 0.0000e+00 
1.3340e-20 0.0000e+00 
1.3940e-20 0.0000e+00 
1.4540e-20 0.0000e+00 
1.5140e-20 0.0000e+00 
1.5740e-20 1.6194e-20 
1.6350e-20 4.0071e-20 
1.6950e-20 9.7340e-20 
1.7550e-20 2.1351e-19 
1.8150e-20 4.4569e-19 
1.8750e-20 8.8900e-19 
1.9350e-20 1.7441e-18 
1.9960e-20 3.2085e-18 
2.0560e-20 5.7060e-18 
2.1160e-20 9.8350e-18 
2.1760e-20 1.6469e-17 
2.2360e-20 2.6854e-17 
2.2960e-20 4.2738e-17 
2.3570e-20 6.7430e-17 
2.4170e-20 1.0262e-16 
2.4770e-20 1.5316e-16 
2.5370e-20 2.2447e-16 
2.5970e-20 3.2361e-16 
2.6570e-20 4.5920e-16 
2.7180e-20 6.4200e-16 
2.7780e-20 8.8540e-16 
2.8380e-20 1.2055e-15 
2.8980e-20 1.6213e-15 
2.9580e-20 2.1563e-15 
3.0180e-20 2.8638e-15 
3.0790e-20 3.7278e-15 
3.1390e-20 4.8059e-15 
3.1990e-20 6.1400e-15 
3.2590e-20 7.7780e-15 
3.3190e-20 9.7740e-15 
3.3790e-20 1.2187e-14 
3.4400e-20 1.5083e-14 
3.5000e-20 1.8544e-14 
3.5600e-20 2.2647e-14 
3.6200e-20 2.7489e-14 
3.6800e-20 3.3167e-14 
3.7400e-20 3.9793e-14 
3.8010e-20 4.7488e-14 
3.8610e-20 5.6366e-14 
3.9210e-20 6.6580e-14 
3.9810e-20 7.8710e-14 
4.0410e-20 9.2090e-14 
4.1010e-20 1.0729e-13 
4.1620e-20 1.2447e-13 
4.2220e-20 1.4383e-13 
4.2820e-20 1.6557e-13 
4.3420e-20 1.8990e-13 
4.4020e-20 2.1706e-13 
4.4620e-20 2.4718e-13 
4.5230e-20 2.8060e-13 
4.5830e-20 3.1764e-13 
4.6430e-20 3.5836e-13 
4.7030e-20 4.0313e-13 
4.7630e-20 4.5225e-13 
4.8230e-20 5.0594e-13 
4.8840e-20 5.6465e-13 
4.9440e-20 6.2851e-13 
5.0040e-20 6.9780e-13 
5.0640e-20 7.7310e-13 
5.1240e-20 8.5690e-13 
5.1840e-20 9.4480e-13 
5.2450e-20 1.0395e-12 
5.3050e-20 1.1414e-12 
5.3650e-20 1.2508e-12 
5.4250e-20 1.3680e-12 
5.4850e-20 1.4933e-12 
5.5450e-20 1.6273e-12 
5.6060e-20 1.7700e-12 
5.6660e-20 1.9219e-12 
5.7260e-20 2.0834e-12 
5.7860e-20 2.2543e-12 
5.8460e-20 2.4365e-12 
5.9060e-20 2.6289e-12 
5.9670e-20 2.8319e-12 
6.0270e-20 3.0469e-12 
6.0870e-20 3.2722e-12 
6.1470e-20 3.5100e-12 
6.2070e-20 3.7604e-12 
6.2670e-20 4.0236e-12 
6.3280e-20 4.2994e-12 
6.3880e-20 4.5880e-12 
6.4480e-20 4.8904e-12 
6.5080e-20 5.2029e-12 
6.5680e-20 5.5319e-12 
6.6280e-20 5.8778e-12 
6.6890e-20 6.2355e-12 
6.7490e-20 6.6102e-12 
6.8090e-20 6.9990e-12 
6.8690e-20 7.4050e-12 
6.9290e-20 7.8240e-12 
6.9890e-20 8.2610e-12 
7.0500e-20 8.7140e-12 
7.1100e-20 9.1820e-12 
7.1700e-20 9.6670e-12 
7.2300e-20 1.0169e-11 
7.2900e-20 1.0689e-11 
7.3500e-20 1.1224e-11 
7.4110e-20 1.1777e-11 
7.4710e-20 1.2348e-11 
7.5310e-20 1.2936e-11 
7.5910e-20 1.3541e-11 
7.6510e-20 1.4165e-11 
7.7110e-20 1.4805e-11 
7.7720e-20 1.5464e-11 
7.8320e-20 1.6140e-11 
7.8920e-20 1.6835e-11 
7.9520e-20 1.7549e-11 
8.0120e-20 1.8279e-11 
8.0720e-20 1.9028e-11 
8.1330e-20 1.9796e-11 
8.1930e-20 2.0579e-11 
8.2530e-20 2.1381e-11 
8.3130e-20 2.2235e-11 
8.3730e-20 2.3066e-11 
8.4330e-20 2.3927e-11 
8.4940e-20 2.4808e-11 
8.5540e-20 2.5698e-11 
8.6140e-20 2.6618e-11 
8.6740e-20 2.7548e-11 
8.7340e-20 2.8490e-11 
8.7940e-20 2.9454e-11 
8.8550e-20 3.0441e-11 
8.9150e-20 3.1449e-11 
8.9750e-20 3.2460e-11 
9.0350e-20 3.3502e-11 
9.0950e-20 3.4556e-11 
9.1550e-20 3.5613e-11 
9.2160e-20 3.6711e-11 
9.2760e-20 3.7811e-11 
9.3360e-20 3.8933e-11 
9.3960e-20 4.0067e-11 
9.4560e-20 4.1213e-11 
9.5160e-20 4.2391e-11 
9.5770e-20 4.3580e-11 
9.6370e-20 4.4782e-11 
9.6970e-20 4.5995e-11 
9.7570e-20 4.7229e-11 
9.8170e-20 4.8476e-11 
9.8770e-20 4.9744e-11 
9.9380e-20 5.1024e-11 
9.9980e-20 5.2315e-11 
1.0060e-19 5.3628e-11 
1.0120e-19 5.4942e-11 
1.0180e-19 5.6278e-11 
1.0240e-19 5.7636e-11 
1.0300e-19 5.9005e-11 
1.0360e-19 6.0386e-11 
1.0420e-19 6.1768e-11 
1.0480e-19 6.3239e-11 
1.0540e-19 6.4654e-11 
1.0600e-19 6.6090e-11 
1.0660e-19 6.7538e-11 
1.0720e-19 6.8987e-11 
1.0780e-19 7.0457e-11 
1.0840e-19 7.1938e-11 
1.0900e-19 7.3441e-11 
1.0960e-19 7.4934e-11 
1.1020e-19 7.6449e-11 
1.1080e-19 7.7990e-11 
1.1140e-19 7.9520e-11 
1.1200e-19 8.1060e-11 
1.1260e-19 8.2630e-11 
1.1320e-19 8.4200e-11 
1.1380e-19 8.5780e-11 
1.1440e-19 8.7370e-11 
1.1500e-19 8.8980e-11 
1.1560e-19 9.0580e-11 
1.1620e-19 9.2210e-11 
1.1680e-19 9.3830e-11 
1.1740e-19 9.5470e-11 
1.1800e-19 9.7120e-11 
1.1860e-19 9.8780e-11 
1.1920e-19 1.0044e-10 
1.1980e-19 1.0212e-10 
1.2040e-19 1.0380e-10 
1.2100e-19 1.0549e-10 
1.2160e-19 1.0718e-10 
1.2220e-19 1.0889e-10 
1.2280e-19 1.1060e-10 
1.2340e-19 1.1232e-10 
1.2400e-19 1.1405e-10 
1.2460e-19 1.1578e-10 
1.2520e-19 1.1753e-10 
1.2580e-19 1.1928e-10 
1.2650e-19 1.2103e-10 
1.2710e-19 1.2279e-10 
1.2770e-19 1.2456e-10 
1.2830e-19 1.2633e-10 
1.2890e-19 1.2811e-10 
1.2950e-19 1.2989e-10 
1.3010e-19 1.3168e-10 
1.3070e-19 1.3349e-10 
1.3130e-19 1.3531e-10 
1.3190e-19 1.3711e-10 
1.3250e-19 1.3892e-10 
1.3310e-19 1.4073e-10 
1.3370e-19 1.4256e-10 
1.3430e-19 1.4439e-10 
1.3490e-19 1.4621e-10 
1.3550e-19 1.4806e-10 
1.3610e-19 1.4989e-10 
1.3670e-19 1.5175e-10 
1.3730e-19 1.5359e-10 
1.3790e-19 1.5545e-10 
1.3850e-19 1.5730e-10 
1.3910e-19 1.5917e-10 
1.3970e-19 1.6104e-10 
1.4030e-19 1.6290e-10 
1.4090e-19 1.6477e-10 
1.4150e-19 1.6666e-10 
1.4210e-19 1.6853e-10 
1.4270e-19 1.7042e-10 
1.4330e-19 1.7231e-10 
1.4390e-19 1.7420e-10 
1.4450e-19 1.7609e-10 
1.4510e-19 1.7798e-10 
1.4570e-19 1.7988e-10 
1.4630e-19 1.8178e-10 
1.4690e-19 1.8369e-10 
1.4750e-19 1.8559e-10 
1.4810e-19 1.8750e-10 
1.4870e-19 1.8940e-10 
1.4930e-19 1.9132e-10 
1.4990e-19 1.9324e-10 
1.5050e-19 1.9516e-10 
1.5110e-19 1.9708e-10 
1.5170e-19 1.9900e-10 
1.5230e-19 2.0092e-10 
1.5290e-19 2.0285e-10 
1.5350e-19 2.0477e-10 
1.5410e-19 2.0669e-10 
1.5470e-19 2.0863e-10 
1.5530e-19 2.1056e-10 
1.5590e-19 2.1252e-10 
1.5650e-19 2.1446e-10 
1.5710e-19 2.1640e-10 
1.5770e-19 2.1834e-10 
1.5830e-19 2.2028e-10 
1.5890e-19 2.2223e-10 
1.5950e-19 2.2408e-10 
1.6010e-19 2.2602e-10 
1.6070e-19 2.2797e-10 
1.6130e-19 2.2992e-10 
1.6190e-19 2.3187e-10 
1.6260e-19 2.3381e-10 
1.6320e-19 2.3571e-10 
1.6380e-19 2.3766e-10 
1.6440e-19 2.3962e-10 
1.6500e-19 2.4157e-10 
1.6560e-19 2.4352e-10 
1.6620e-19 2.4548e-10 
1.6680e-19 2.4740e-10 
1.6740e-19 2.4942e-10 
1.6800e-19 2.5133e-10 
1.6860e-19 2.5325e-10 
1.6920e-19 2.5527e-10 
1.6980e-19 2.5719e-10 
1.7040e-19 2.5911e-10 
1.7100e-19 2.6113e-10 
1.7160e-19 2.6304e-10 
1.7220e-19 2.6506e-10 
1.7280e-19 2.6698e-10 
1.7340e-19 2.6890e-10 
1.7400e-19 2.7091e-10 
1.7460e-19 2.7283e-10 
1.7520e-19 2.7485e-10 
1.7580e-19 2.7667e-10 
1.7640e-19 2.7858e-10 
1.7700e-19 2.8060e-10 
1.7760e-19 2.8252e-10 
1.7820e-19 2.8453e-10 
1.7880e-19 2.8645e-10 
1.7940e-19 2.8847e-10 
1.8000e-19 2.9038e-10 
