1.0000e-22 0.0000e+00 
4.3410e-22 0.0000e+00 
7.6820e-22 0.0000e+00 
1.1020e-21 0.0000e+00 
1.4360e-21 0.0000e+00 
1.7710e-21 3.4190e-15 
2.1050e-21 5.0440e-15 
2.4390e-21 6.7110e-15 
2.7730e-21 8.3640e-15 
3.1070e-21 9.9600e-15 
3.4410e-21 1.1450e-14 
3.7750e-21 1.2780e-14 
4.1090e-21 1.3910e-14 
4.4430e-21 1.4860e-14 
4.7780e-21 1.5620e-14 
5.1120e-21 1.6230e-14 
5.4460e-21 1.6720e-14 
5.7800e-21 1.7120e-14 
6.1140e-21 1.7450e-14 
6.4480e-21 1.7730e-14 
6.7820e-21 1.7960e-14 
7.1160e-21 1.8160e-14 
7.4510e-21 1.8340e-14 
7.7850e-21 1.8500e-14 
8.1190e-21 1.8640e-14 
8.4530e-21 1.8770e-14 
8.7870e-21 1.8900e-14 
9.1210e-21 1.9010e-14 
9.4550e-21 1.9130e-14 
9.7890e-21 1.9240e-14 
1.0120e-20 1.9340e-14 
1.0460e-20 1.9450e-14 
1.0790e-20 1.9570e-14 
1.1130e-20 1.9680e-14 
1.1460e-20 1.9810e-14 
1.1790e-20 1.9950e-14 
1.2130e-20 2.0110e-14 
1.2460e-20 2.0290e-14 
1.2800e-20 2.0490e-14 
1.3130e-20 2.0730e-14 
1.3460e-20 2.1020e-14 
1.3800e-20 2.1350e-14 
1.4130e-20 2.1730e-14 
1.4470e-20 2.2190e-14 
1.4800e-20 2.2730e-14 
1.5140e-20 2.3360e-14 
1.5470e-20 2.4100e-14 
1.5800e-20 2.4960e-14 
1.6140e-20 2.5960e-14 
1.6470e-20 2.7110e-14 
1.6810e-20 2.8430e-14 
1.7140e-20 2.9950e-14 
1.7470e-20 3.1680e-14 
1.7810e-20 3.3640e-14 
1.8140e-20 3.5860e-14 
1.8480e-20 3.8370e-14 
1.8810e-20 4.1180e-14 
1.9140e-20 4.4320e-14 
1.9480e-20 4.7830e-14 
1.9810e-20 5.1720e-14 
2.0150e-20 5.6030e-14 
2.0480e-20 6.0790e-14 
2.0820e-20 6.6030e-14 
2.1150e-20 7.1780e-14 
2.1480e-20 7.8080e-14 
2.1820e-20 8.4950e-14 
2.2150e-20 9.2430e-14 
2.2490e-20 1.0060e-13 
2.2820e-20 1.0940e-13 
2.3150e-20 1.1890e-13 
2.3490e-20 1.2920e-13 
2.3820e-20 1.4030e-13 
2.4160e-20 1.5220e-13 
2.4490e-20 1.6500e-13 
2.4820e-20 1.7870e-13 
2.5160e-20 1.9330e-13 
2.5490e-20 2.0890e-13 
2.5830e-20 2.2560e-13 
2.6160e-20 2.4330e-13 
2.6490e-20 2.6210e-13 
2.6830e-20 2.8210e-13 
2.7160e-20 3.0320e-13 
2.7500e-20 3.2560e-13 
2.7830e-20 3.4930e-13 
2.8170e-20 3.7420e-13 
2.8500e-20 4.0060e-13 
2.8830e-20 4.2830e-13 
2.9170e-20 4.5740e-13 
2.9500e-20 4.8810e-13 
2.9840e-20 5.2020e-13 
3.0170e-20 5.5390e-13 
3.0500e-20 5.8920e-13 
3.0840e-20 6.2610e-13 
3.1170e-20 6.6470e-13 
3.1510e-20 7.0510e-13 
3.1840e-20 7.4720e-13 
3.2170e-20 7.9110e-13 
3.2510e-20 8.3680e-13 
3.2840e-20 8.8440e-13 
3.3180e-20 9.3390e-13 
3.3510e-20 9.8540e-13 
3.3850e-20 1.0390e-12 
3.4180e-20 1.0940e-12 
3.4510e-20 1.1520e-12 
3.4850e-20 1.2120e-12 
3.5180e-20 1.2740e-12 
3.5520e-20 1.3380e-12 
3.5850e-20 1.4040e-12 
3.6180e-20 1.4730e-12 
3.6520e-20 1.5440e-12 
3.6850e-20 1.6170e-12 
3.7190e-20 1.6920e-12 
3.7520e-20 1.7700e-12 
3.7850e-20 1.8510e-12 
3.8190e-20 1.9340e-12 
3.8520e-20 2.0190e-12 
3.8860e-20 2.1070e-12 
3.9190e-20 2.1980e-12 
3.9530e-20 2.2910e-12 
3.9860e-20 2.3860e-12 
4.0190e-20 2.4850e-12 
4.0530e-20 2.5860e-12 
4.0860e-20 2.6900e-12 
4.1200e-20 2.7970e-12 
4.1530e-20 2.9060e-12 
4.1860e-20 3.0180e-12 
4.2200e-20 3.1340e-12 
4.2530e-20 3.2520e-12 
4.2870e-20 3.3730e-12 
4.3200e-20 3.4970e-12 
4.3530e-20 3.6230e-12 
4.3870e-20 3.7530e-12 
4.4200e-20 3.8860e-12 
4.4540e-20 4.0220e-12 
4.4870e-20 4.1610e-12 
4.5210e-20 4.3040e-12 
4.5540e-20 4.4490e-12 
4.5870e-20 4.5980e-12 
4.6210e-20 4.7490e-12 
4.6540e-20 4.9040e-12 
4.6880e-20 5.0630e-12 
4.7210e-20 5.2240e-12 
4.7540e-20 5.3890e-12 
4.7880e-20 5.5570e-12 
4.8210e-20 5.7280e-12 
4.8550e-20 5.9030e-12 
4.8880e-20 6.0810e-12 
4.9210e-20 6.2630e-12 
4.9550e-20 6.4480e-12 
4.9880e-20 6.6360e-12 
5.0220e-20 6.8280e-12 
5.0550e-20 7.0240e-12 
5.0890e-20 7.2230e-12 
5.1220e-20 7.4250e-12 
5.1550e-20 7.6310e-12 
5.1890e-20 7.8410e-12 
5.2220e-20 8.0540e-12 
5.2560e-20 8.2710e-12 
5.2890e-20 8.4910e-12 
5.3220e-20 8.7160e-12 
5.3560e-20 8.9430e-12 
5.3890e-20 9.1750e-12 
5.4230e-20 9.4100e-12 
5.4560e-20 9.6490e-12 
5.4890e-20 9.8910e-12 
5.5230e-20 1.0140e-11 
5.5560e-20 1.0390e-11 
5.5900e-20 1.0640e-11 
5.6230e-20 1.0900e-11 
5.6570e-20 1.1160e-11 
5.6900e-20 1.1430e-11 
5.7230e-20 1.1700e-11 
5.7570e-20 1.1970e-11 
5.7900e-20 1.2250e-11 
5.8240e-20 1.2530e-11 
5.8570e-20 1.2810e-11 
5.8900e-20 1.3100e-11 
5.9240e-20 1.3390e-11 
5.9570e-20 1.3690e-11 
5.9910e-20 1.3990e-11 
6.0240e-20 1.4290e-11 
6.0570e-20 1.4600e-11 
6.0910e-20 1.4910e-11 
6.1240e-20 1.5230e-11 
6.1580e-20 1.5550e-11 
6.1910e-20 1.5880e-11 
6.2250e-20 1.6200e-11 
6.2580e-20 1.6540e-11 
6.2910e-20 1.6870e-11 
6.3250e-20 1.7210e-11 
6.3580e-20 1.7560e-11 
6.3920e-20 1.7910e-11 
6.4250e-20 1.8260e-11 
6.4580e-20 1.8620e-11 
6.4920e-20 1.8980e-11 
6.5250e-20 1.9340e-11 
6.5590e-20 1.9710e-11 
6.5920e-20 2.0090e-11 
6.6250e-20 2.0470e-11 
6.6590e-20 2.0850e-11 
6.6920e-20 2.1230e-11 
6.7260e-20 2.1620e-11 
6.7590e-20 2.2020e-11 
6.7930e-20 2.2420e-11 
6.8260e-20 2.2820e-11 
6.8590e-20 2.3230e-11 
6.8930e-20 2.3640e-11 
6.9260e-20 2.4050e-11 
6.9600e-20 2.4470e-11 
6.9930e-20 2.4900e-11 
7.0260e-20 2.5330e-11 
7.0600e-20 2.5760e-11 
7.0930e-20 2.6190e-11 
7.1270e-20 2.6640e-11 
7.1600e-20 2.7080e-11 
7.1930e-20 2.7530e-11 
7.2270e-20 2.7980e-11 
7.2600e-20 2.8440e-11 
7.2940e-20 2.8900e-11 
7.3270e-20 2.9370e-11 
7.3610e-20 2.9840e-11 
7.3940e-20 3.0320e-11 
7.4270e-20 3.0800e-11 
7.4610e-20 3.1280e-11 
7.4940e-20 3.1770e-11 
7.5280e-20 3.2260e-11 
7.5610e-20 3.2760e-11 
7.5940e-20 3.3260e-11 
7.6280e-20 3.3770e-11 
7.6610e-20 3.4280e-11 
7.6950e-20 3.4790e-11 
7.7280e-20 3.5310e-11 
7.7610e-20 3.5830e-11 
7.7950e-20 3.6360e-11 
7.8280e-20 3.6890e-11 
7.8620e-20 3.7430e-11 
7.8950e-20 3.7970e-11 
7.9280e-20 3.8510e-11 
7.9620e-20 3.9060e-11 
7.9950e-20 3.9620e-11 
8.0290e-20 4.0180e-11 
8.0620e-20 4.0740e-11 
8.0960e-20 4.1310e-11 
8.1290e-20 4.1880e-11 
8.1620e-20 4.2450e-11 
8.1960e-20 4.3030e-11 
8.2290e-20 4.3620e-11 
8.2630e-20 4.4200e-11 
8.2960e-20 4.4800e-11 
8.3290e-20 4.5400e-11 
8.3630e-20 4.6000e-11 
8.3960e-20 4.6600e-11 
8.4300e-20 4.7220e-11 
8.4630e-20 4.7830e-11 
8.4960e-20 4.8450e-11 
8.5300e-20 4.9080e-11 
8.5630e-20 4.9700e-11 
8.5970e-20 5.0340e-11 
8.6300e-20 5.0970e-11 
8.6640e-20 5.1620e-11 
8.6970e-20 5.2260e-11 
8.7300e-20 5.2910e-11 
8.7640e-20 5.3570e-11 
8.7970e-20 5.4230e-11 
8.8310e-20 5.4890e-11 
8.8640e-20 5.5560e-11 
8.8970e-20 5.6240e-11 
8.9310e-20 5.6910e-11 
8.9640e-20 5.7600e-11 
8.9980e-20 5.8280e-11 
9.0310e-20 5.8970e-11 
9.0640e-20 5.9670e-11 
9.0980e-20 6.0370e-11 
9.1310e-20 6.1070e-11 
9.1650e-20 6.1780e-11 
9.1980e-20 6.2490e-11 
9.2320e-20 6.3210e-11 
9.2650e-20 6.3930e-11 
9.2980e-20 6.4660e-11 
9.3320e-20 6.5390e-11 
9.3650e-20 6.6130e-11 
9.3990e-20 6.6870e-11 
9.4320e-20 6.7610e-11 
9.4650e-20 6.8360e-11 
9.4990e-20 6.9110e-11 
9.5320e-20 6.9870e-11 
9.5660e-20 7.0630e-11 
9.5990e-20 7.1400e-11 
9.6320e-20 7.2170e-11 
9.6660e-20 7.2950e-11 
9.6990e-20 7.3730e-11 
9.7330e-20 7.4510e-11 
9.7660e-20 7.5300e-11 
9.8000e-20 7.6100e-11 
9.8330e-20 7.6890e-11 
9.8660e-20 7.7700e-11 
9.9000e-20 7.8500e-11 
9.9330e-20 7.9310e-11 
9.9670e-20 8.0130e-11 
1.0000e-19 8.0950e-11 
