1.0000e-22 7.8160e-01 
4.3410e-22 1.6240e+00 
7.6820e-22 2.1520e+00 
1.1020e-21 2.5750e+00 
1.4360e-21 2.9370e+00 
1.7710e-21 3.2670e+00 
2.1050e-21 3.5520e+00 
2.4390e-21 3.8100e+00 
2.7730e-21 4.0460e+00 
3.1070e-21 4.2630e+00 
3.4410e-21 4.4560e+00 
3.7750e-21 4.6240e+00 
4.1090e-21 4.7640e+00 
4.4430e-21 4.8770e+00 
4.7780e-21 4.9660e+00 
5.1120e-21 5.0370e+00 
5.4460e-21 5.0930e+00 
5.7800e-21 5.1370e+00 
6.1140e-21 5.1730e+00 
6.4480e-21 5.2030e+00 
6.7820e-21 5.2280e+00 
7.1160e-21 5.2490e+00 
7.4510e-21 5.2680e+00 
7.7850e-21 5.2850e+00 
8.1190e-21 5.3010e+00 
8.4530e-21 5.3150e+00 
8.7870e-21 5.3280e+00 
9.1210e-21 5.3410e+00 
9.4550e-21 5.3530e+00 
9.7890e-21 5.3640e+00 
1.0120e-20 5.3760e+00 
1.0460e-20 5.3860e+00 
1.0790e-20 5.3970e+00 
1.1130e-20 5.4070e+00 
1.1460e-20 5.4170e+00 
1.1790e-20 5.4270e+00 
1.2130e-20 5.4370e+00 
1.2460e-20 5.4470e+00 
1.2800e-20 5.4560e+00 
1.3130e-20 5.4660e+00 
1.3460e-20 5.4750e+00 
1.3800e-20 5.4850e+00 
1.4130e-20 5.4940e+00 
1.4470e-20 5.5030e+00 
1.4800e-20 5.5120e+00 
1.5140e-20 5.5210e+00 
1.5470e-20 5.5300e+00 
1.5800e-20 5.5390e+00 
1.6140e-20 5.5480e+00 
1.6470e-20 5.5560e+00 
1.6810e-20 5.5650e+00 
1.7140e-20 5.5740e+00 
1.7470e-20 5.5820e+00 
1.7810e-20 5.5910e+00 
1.8140e-20 5.5990e+00 
1.8480e-20 5.6080e+00 
1.8810e-20 5.6160e+00 
1.9140e-20 5.6250e+00 
1.9480e-20 5.6330e+00 
1.9810e-20 5.6410e+00 
2.0150e-20 5.6500e+00 
2.0480e-20 5.6580e+00 
2.0820e-20 5.6660e+00 
2.1150e-20 5.6740e+00 
2.1480e-20 5.6820e+00 
2.1820e-20 5.6900e+00 
2.2150e-20 5.6980e+00 
2.2490e-20 5.7060e+00 
2.2820e-20 5.7140e+00 
2.3150e-20 5.7220e+00 
2.3490e-20 5.7300e+00 
2.3820e-20 5.7380e+00 
2.4160e-20 5.7460e+00 
2.4490e-20 5.7540e+00 
2.4820e-20 5.7610e+00 
2.5160e-20 5.7690e+00 
2.5490e-20 5.7770e+00 
2.5830e-20 5.7840e+00 
2.6160e-20 5.7920e+00 
2.6490e-20 5.8000e+00 
2.6830e-20 5.8070e+00 
2.7160e-20 5.8150e+00 
2.7500e-20 5.8220e+00 
2.7830e-20 5.8290e+00 
2.8170e-20 5.8370e+00 
2.8500e-20 5.8440e+00 
2.8830e-20 5.8510e+00 
2.9170e-20 5.8590e+00 
2.9500e-20 5.8660e+00 
2.9840e-20 5.8730e+00 
3.0170e-20 5.8800e+00 
3.0500e-20 5.8880e+00 
3.0840e-20 5.8950e+00 
3.1170e-20 5.9020e+00 
3.1510e-20 5.9090e+00 
3.1840e-20 5.9160e+00 
3.2170e-20 5.9230e+00 
3.2510e-20 5.9300e+00 
3.2840e-20 5.9370e+00 
3.3180e-20 5.9440e+00 
3.3510e-20 5.9510e+00 
3.3850e-20 5.9580e+00 
3.4180e-20 5.9640e+00 
3.4510e-20 5.9710e+00 
3.4850e-20 5.9780e+00 
3.5180e-20 5.9850e+00 
3.5520e-20 5.9920e+00 
3.5850e-20 5.9980e+00 
3.6180e-20 6.0050e+00 
3.6520e-20 6.0120e+00 
3.6850e-20 6.0180e+00 
3.7190e-20 6.0250e+00 
3.7520e-20 6.0310e+00 
3.7850e-20 6.0380e+00 
3.8190e-20 6.0440e+00 
3.8520e-20 6.0510e+00 
3.8860e-20 6.0570e+00 
3.9190e-20 6.0640e+00 
3.9530e-20 6.0700e+00 
3.9860e-20 6.0760e+00 
4.0190e-20 6.0830e+00 
4.0530e-20 6.0890e+00 
4.0860e-20 6.0950e+00 
4.1200e-20 6.1020e+00 
4.1530e-20 6.1080e+00 
4.1860e-20 6.1140e+00 
4.2200e-20 6.1200e+00 
4.2530e-20 6.1260e+00 
4.2870e-20 6.1330e+00 
4.3200e-20 6.1390e+00 
4.3530e-20 6.1450e+00 
4.3870e-20 6.1510e+00 
4.4200e-20 6.1570e+00 
4.4540e-20 6.1630e+00 
4.4870e-20 6.1690e+00 
4.5210e-20 6.1750e+00 
4.5540e-20 6.1810e+00 
4.5870e-20 6.1870e+00 
4.6210e-20 6.1930e+00 
4.6540e-20 6.1990e+00 
4.6880e-20 6.2040e+00 
4.7210e-20 6.2100e+00 
4.7540e-20 6.2160e+00 
4.7880e-20 6.2220e+00 
4.8210e-20 6.2280e+00 
4.8550e-20 6.2330e+00 
4.8880e-20 6.2390e+00 
4.9210e-20 6.2450e+00 
4.9550e-20 6.2510e+00 
4.9880e-20 6.2560e+00 
5.0220e-20 6.2620e+00 
5.0550e-20 6.2680e+00 
5.0890e-20 6.2730e+00 
5.1220e-20 6.2790e+00 
5.1550e-20 6.2840e+00 
5.1890e-20 6.2900e+00 
5.2220e-20 6.2950e+00 
5.2560e-20 6.3010e+00 
5.2890e-20 6.3060e+00 
5.3220e-20 6.3120e+00 
5.3560e-20 6.3170e+00 
5.3890e-20 6.3230e+00 
5.4230e-20 6.3280e+00 
5.4560e-20 6.3340e+00 
5.4890e-20 6.3390e+00 
5.5230e-20 6.3440e+00 
5.5560e-20 6.3500e+00 
5.5900e-20 6.3550e+00 
5.6230e-20 6.3600e+00 
5.6570e-20 6.3660e+00 
5.6900e-20 6.3710e+00 
5.7230e-20 6.3760e+00 
5.7570e-20 6.3810e+00 
5.7900e-20 6.3870e+00 
5.8240e-20 6.3920e+00 
5.8570e-20 6.3970e+00 
5.8900e-20 6.4020e+00 
5.9240e-20 6.4070e+00 
5.9570e-20 6.4130e+00 
5.9910e-20 6.4180e+00 
6.0240e-20 6.4230e+00 
6.0570e-20 6.4280e+00 
6.0910e-20 6.4330e+00 
6.1240e-20 6.4380e+00 
6.1580e-20 6.4430e+00 
6.1910e-20 6.4480e+00 
6.2250e-20 6.4530e+00 
6.2580e-20 6.4580e+00 
6.2910e-20 6.4630e+00 
6.3250e-20 6.4680e+00 
6.3580e-20 6.4730e+00 
6.3920e-20 6.4780e+00 
6.4250e-20 6.4830e+00 
6.4580e-20 6.4880e+00 
6.4920e-20 6.4930e+00 
6.5250e-20 6.4980e+00 
6.5590e-20 6.5020e+00 
6.5920e-20 6.5070e+00 
6.6250e-20 6.5120e+00 
6.6590e-20 6.5170e+00 
6.6920e-20 6.5220e+00 
6.7260e-20 6.5270e+00 
6.7590e-20 6.5310e+00 
6.7930e-20 6.5360e+00 
6.8260e-20 6.5410e+00 
6.8590e-20 6.5460e+00 
6.8930e-20 6.5500e+00 
6.9260e-20 6.5550e+00 
6.9600e-20 6.5600e+00 
6.9930e-20 6.5640e+00 
7.0260e-20 6.5690e+00 
7.0600e-20 6.5740e+00 
7.0930e-20 6.5780e+00 
7.1270e-20 6.5830e+00 
7.1600e-20 6.5880e+00 
7.1930e-20 6.5920e+00 
7.2270e-20 6.5970e+00 
7.2600e-20 6.6020e+00 
7.2940e-20 6.6060e+00 
7.3270e-20 6.6110e+00 
7.3610e-20 6.6150e+00 
7.3940e-20 6.6200e+00 
7.4270e-20 6.6240e+00 
7.4610e-20 6.6290e+00 
7.4940e-20 6.6330e+00 
7.5280e-20 6.6380e+00 
7.5610e-20 6.6420e+00 
7.5940e-20 6.6470e+00 
7.6280e-20 6.6510e+00 
7.6610e-20 6.6560e+00 
7.6950e-20 6.6600e+00 
7.7280e-20 6.6650e+00 
7.7610e-20 6.6690e+00 
7.7950e-20 6.6730e+00 
7.8280e-20 6.6780e+00 
7.8620e-20 6.6820e+00 
7.8950e-20 6.6860e+00 
7.9280e-20 6.6910e+00 
7.9620e-20 6.6950e+00 
7.9950e-20 6.7000e+00 
8.0290e-20 6.7040e+00 
8.0620e-20 6.7080e+00 
8.0960e-20 6.7130e+00 
8.1290e-20 6.7170e+00 
8.1620e-20 6.7210e+00 
8.1960e-20 6.7250e+00 
8.2290e-20 6.7300e+00 
8.2630e-20 6.7330e+00 
8.2960e-20 6.7380e+00 
8.3290e-20 6.7420e+00 
8.3630e-20 6.7460e+00 
8.3960e-20 6.7500e+00 
8.4300e-20 6.7550e+00 
8.4630e-20 6.7590e+00 
8.4960e-20 6.7630e+00 
8.5300e-20 6.7670e+00 
8.5630e-20 6.7710e+00 
8.5970e-20 6.7750e+00 
8.6300e-20 6.7800e+00 
8.6640e-20 6.7840e+00 
8.6970e-20 6.7880e+00 
8.7300e-20 6.7920e+00 
8.7640e-20 6.7960e+00 
8.7970e-20 6.8000e+00 
8.8310e-20 6.8040e+00 
8.8640e-20 6.8080e+00 
8.8970e-20 6.8120e+00 
8.9310e-20 6.8170e+00 
8.9640e-20 6.8210e+00 
8.9980e-20 6.8250e+00 
9.0310e-20 6.8290e+00 
9.0640e-20 6.8330e+00 
9.0980e-20 6.8370e+00 
9.1310e-20 6.8410e+00 
9.1650e-20 6.8450e+00 
9.1980e-20 6.8490e+00 
9.2320e-20 6.8530e+00 
9.2650e-20 6.8570e+00 
9.2980e-20 6.8610e+00 
9.3320e-20 6.8650e+00 
9.3650e-20 6.8690e+00 
9.3990e-20 6.8730e+00 
9.4320e-20 6.8770e+00 
9.4650e-20 6.8810e+00 
9.4990e-20 6.8850e+00 
9.5320e-20 6.8890e+00 
9.5660e-20 6.8920e+00 
9.5990e-20 6.8960e+00 
9.6320e-20 6.9000e+00 
9.6660e-20 6.9040e+00 
9.6990e-20 6.9080e+00 
9.7330e-20 6.9120e+00 
9.7660e-20 6.9160e+00 
9.8000e-20 6.9200e+00 
9.8330e-20 6.9240e+00 
9.8660e-20 6.9270e+00 
9.9000e-20 6.9310e+00 
9.9330e-20 6.9350e+00 
9.9670e-20 6.9390e+00 
1.0000e-19 6.9430e+00 
