   0.001000 0.000000e+00
   0.001150 0.000000e+00
   0.001322 0.000000e+00
   0.001520 0.000000e+00
   0.001748 0.000000e+00
   0.002009 0.000000e+00
   0.002310 0.000000e+00
   0.002656 0.000000e+00
   0.003054 0.000000e+00
   0.003511 0.000000e+00
   0.004037 0.000000e+00
   0.004642 0.000000e+00
   0.005337 0.000000e+00
   0.006136 0.000000e+00
   0.007055 0.000000e+00
   0.008111 0.000000e+00
   0.009326 0.000000e+00
   0.010723 0.000000e+00
   0.012328 0.000000e+00
   0.014175 0.000000e+00
   0.016298 0.000000e+00
   0.018738 0.000000e+00
   0.021544 0.000000e+00
   0.024771 0.000000e+00
   0.028480 0.000000e+00
   0.032745 0.000000e+00
   0.037649 0.000000e+00
   0.043288 0.000000e+00
   0.049770 0.000000e+00
   0.057224 0.000000e+00
   0.065793 0.000000e+00
   0.075646 0.000000e+00
   0.086975 0.000000e+00
   0.100000 0.000000e+00
   0.114976 0.000000e+00
   0.132194 0.000000e+00
   0.151991 0.000000e+00
   0.174753 0.000000e+00
   0.200923 0.000000e+00
   0.231013 0.000000e+00
   0.265609 0.000000e+00
   0.305386 0.000000e+00
   0.351119 0.000000e+00
   0.403702 0.000000e+00
   0.464159 0.000000e+00
   0.533670 0.000000e+00
   0.613591 0.000000e+00
   0.705480 0.000000e+00
   0.811131 0.000000e+00
   0.932603 0.000000e+00
   1.072267 0.000000e+00
   1.232847 0.000000e+00
   1.417474 0.000000e+00
   1.629751 0.000000e+00
   1.873817 0.000000e+00
   2.154435 0.000000e+00
   2.477076 0.000000e+00
   2.848036 5.536261e-31
   3.274549 7.823020e-28
   3.764936 2.975733e-25
   4.328761 3.962527e-23
   4.977024 2.225282e-21
   5.722368 6.305777e-20
   6.579332 1.040650e-18
   7.564633 1.118600e-17
   8.697490 8.512793e-17
  10.000000 4.984597e-16
  11.497570 2.317513e-15
  13.219411 8.902941e-15
  15.199111 2.943587e-14
  17.475284 8.595013e-14
  20.092330 2.215229e-13
  23.101297 5.233788e-13
  26.560878 1.143027e-12
  30.538555 2.335071e-12
  35.111917 4.480278e-12
  40.370173 8.078369e-12
  46.415888 1.404853e-11
  53.366992 2.305102e-11
  61.359073 3.691194e-11
  70.548023 5.735130e-11
  81.113083 8.737253e-11
  93.260335 1.269792e-10
 107.226722 1.822142e-10
 123.284674 2.589950e-10
 141.747416 3.702828e-10
 162.975083 5.233466e-10
 187.381742 7.491299e-10
 215.443469 1.103389e-09
 247.707636 1.564335e-09
 284.803587 2.186297e-09
 327.454916 3.154404e-09
 376.493581 4.245663e-09
 432.876128 5.781463e-09
 497.702356 7.765762e-09
 572.236766 1.017948e-08
 657.933225 1.324715e-08
 756.463328 1.666394e-08
 869.749003 2.091480e-08
1000.000000 2.548311e-08