1.0000e-22 3.6680e-09 
4.3410e-22 6.1740e-09 
7.6820e-22 8.0150e-09 
1.1020e-21 9.7230e-09 
1.4360e-21 1.1310e-08 
1.7710e-21 1.2820e-08 
2.1050e-21 1.4160e-08 
2.4390e-21 1.5390e-08 
2.7730e-21 1.6510e-08 
3.1070e-21 1.7550e-08 
3.4410e-21 1.8470e-08 
3.7750e-21 1.9270e-08 
4.1090e-21 1.9930e-08 
4.4430e-21 2.0470e-08 
4.7780e-21 2.0890e-08 
5.1120e-21 2.1220e-08 
5.4460e-21 2.1480e-08 
5.7800e-21 2.1690e-08 
6.1140e-21 2.1860e-08 
6.4480e-21 2.1990e-08 
6.7820e-21 2.2110e-08 
7.1160e-21 2.2210e-08 
7.4510e-21 2.2290e-08 
7.7850e-21 2.2370e-08 
8.1190e-21 2.2440e-08 
8.4530e-21 2.2500e-08 
8.7870e-21 2.2560e-08 
9.1210e-21 2.2620e-08 
9.4550e-21 2.2670e-08 
9.7890e-21 2.2720e-08 
1.0120e-20 2.2770e-08 
1.0460e-20 2.2820e-08 
1.0790e-20 2.2870e-08 
1.1130e-20 2.2910e-08 
1.1460e-20 2.2950e-08 
1.1790e-20 2.3000e-08 
1.2130e-20 2.3040e-08 
1.2460e-20 2.3080e-08 
1.2800e-20 2.3120e-08 
1.3130e-20 2.3160e-08 
1.3460e-20 2.3200e-08 
1.3800e-20 2.3240e-08 
1.4130e-20 2.3280e-08 
1.4470e-20 2.3320e-08 
1.4800e-20 2.3360e-08 
1.5140e-20 2.3400e-08 
1.5470e-20 2.3440e-08 
1.5800e-20 2.3480e-08 
1.6140e-20 2.3520e-08 
1.6470e-20 2.3550e-08 
1.6810e-20 2.3590e-08 
1.7140e-20 2.3630e-08 
1.7470e-20 2.3660e-08 
1.7810e-20 2.3700e-08 
1.8140e-20 2.3740e-08 
1.8480e-20 2.3770e-08 
1.8810e-20 2.3810e-08 
1.9140e-20 2.3850e-08 
1.9480e-20 2.3880e-08 
1.9810e-20 2.3920e-08 
2.0150e-20 2.3950e-08 
2.0480e-20 2.3990e-08 
2.0820e-20 2.4020e-08 
2.1150e-20 2.4060e-08 
2.1480e-20 2.4090e-08 
2.1820e-20 2.4120e-08 
2.2150e-20 2.4160e-08 
2.2490e-20 2.4190e-08 
2.2820e-20 2.4230e-08 
2.3150e-20 2.4260e-08 
2.3490e-20 2.4290e-08 
2.3820e-20 2.4330e-08 
2.4160e-20 2.4360e-08 
2.4490e-20 2.4390e-08 
2.4820e-20 2.4420e-08 
2.5160e-20 2.4460e-08 
2.5490e-20 2.4490e-08 
2.5830e-20 2.4520e-08 
2.6160e-20 2.4550e-08 
2.6490e-20 2.4580e-08 
2.6830e-20 2.4620e-08 
2.7160e-20 2.4650e-08 
2.7500e-20 2.4680e-08 
2.7830e-20 2.4710e-08 
2.8170e-20 2.4740e-08 
2.8500e-20 2.4770e-08 
2.8830e-20 2.4800e-08 
2.9170e-20 2.4830e-08 
2.9500e-20 2.4860e-08 
2.9840e-20 2.4890e-08 
3.0170e-20 2.4920e-08 
3.0500e-20 2.4950e-08 
3.0840e-20 2.4980e-08 
3.1170e-20 2.5010e-08 
3.1510e-20 2.5040e-08 
3.1840e-20 2.5070e-08 
3.2170e-20 2.5100e-08 
3.2510e-20 2.5130e-08 
3.2840e-20 2.5160e-08 
3.3180e-20 2.5180e-08 
3.3510e-20 2.5210e-08 
3.3850e-20 2.5240e-08 
3.4180e-20 2.5270e-08 
3.4510e-20 2.5300e-08 
3.4850e-20 2.5330e-08 
3.5180e-20 2.5350e-08 
3.5520e-20 2.5380e-08 
3.5850e-20 2.5410e-08 
3.6180e-20 2.5440e-08 
3.6520e-20 2.5460e-08 
3.6850e-20 2.5490e-08 
3.7190e-20 2.5520e-08 
3.7520e-20 2.5540e-08 
3.7850e-20 2.5570e-08 
3.8190e-20 2.5600e-08 
3.8520e-20 2.5620e-08 
3.8860e-20 2.5650e-08 
3.9190e-20 2.5680e-08 
3.9530e-20 2.5700e-08 
3.9860e-20 2.5730e-08 
4.0190e-20 2.5750e-08 
4.0530e-20 2.5780e-08 
4.0860e-20 2.5810e-08 
4.1200e-20 2.5830e-08 
4.1530e-20 2.5860e-08 
4.1860e-20 2.5880e-08 
4.2200e-20 2.5910e-08 
4.2530e-20 2.5930e-08 
4.2870e-20 2.5960e-08 
4.3200e-20 2.5980e-08 
4.3530e-20 2.6010e-08 
4.3870e-20 2.6030e-08 
4.4200e-20 2.6050e-08 
4.4540e-20 2.6080e-08 
4.4870e-20 2.6100e-08 
4.5210e-20 2.6130e-08 
4.5540e-20 2.6150e-08 
4.5870e-20 2.6170e-08 
4.6210e-20 2.6200e-08 
4.6540e-20 2.6220e-08 
4.6880e-20 2.6250e-08 
4.7210e-20 2.6270e-08 
4.7540e-20 2.6290e-08 
4.7880e-20 2.6320e-08 
4.8210e-20 2.6340e-08 
4.8550e-20 2.6360e-08 
4.8880e-20 2.6390e-08 
4.9210e-20 2.6410e-08 
4.9550e-20 2.6430e-08 
4.9880e-20 2.6450e-08 
5.0220e-20 2.6480e-08 
5.0550e-20 2.6500e-08 
5.0890e-20 2.6520e-08 
5.1220e-20 2.6540e-08 
5.1550e-20 2.6560e-08 
5.1890e-20 2.6590e-08 
5.2220e-20 2.6610e-08 
5.2560e-20 2.6630e-08 
5.2890e-20 2.6650e-08 
5.3220e-20 2.6670e-08 
5.3560e-20 2.6700e-08 
5.3890e-20 2.6720e-08 
5.4230e-20 2.6740e-08 
5.4560e-20 2.6760e-08 
5.4890e-20 2.6780e-08 
5.5230e-20 2.6800e-08 
5.5560e-20 2.6820e-08 
5.5900e-20 2.6840e-08 
5.6230e-20 2.6870e-08 
5.6570e-20 2.6890e-08 
5.6900e-20 2.6910e-08 
5.7230e-20 2.6930e-08 
5.7570e-20 2.6950e-08 
5.7900e-20 2.6970e-08 
5.8240e-20 2.6990e-08 
5.8570e-20 2.7010e-08 
5.8900e-20 2.7030e-08 
5.9240e-20 2.7050e-08 
5.9570e-20 2.7070e-08 
5.9910e-20 2.7090e-08 
6.0240e-20 2.7110e-08 
6.0570e-20 2.7130e-08 
6.0910e-20 2.7150e-08 
6.1240e-20 2.7170e-08 
6.1580e-20 2.7190e-08 
6.1910e-20 2.7210e-08 
6.2250e-20 2.7230e-08 
6.2580e-20 2.7250e-08 
6.2910e-20 2.7270e-08 
6.3250e-20 2.7290e-08 
6.3580e-20 2.7300e-08 
6.3920e-20 2.7320e-08 
6.4250e-20 2.7340e-08 
6.4580e-20 2.7360e-08 
6.4920e-20 2.7380e-08 
6.5250e-20 2.7400e-08 
6.5590e-20 2.7420e-08 
6.5920e-20 2.7440e-08 
6.6250e-20 2.7460e-08 
6.6590e-20 2.7470e-08 
6.6920e-20 2.7490e-08 
6.7260e-20 2.7510e-08 
6.7590e-20 2.7530e-08 
6.7930e-20 2.7550e-08 
6.8260e-20 2.7570e-08 
6.8590e-20 2.7580e-08 
6.8930e-20 2.7600e-08 
6.9260e-20 2.7620e-08 
6.9600e-20 2.7640e-08 
6.9930e-20 2.7660e-08 
7.0260e-20 2.7670e-08 
7.0600e-20 2.7690e-08 
7.0930e-20 2.7710e-08 
7.1270e-20 2.7730e-08 
7.1600e-20 2.7750e-08 
7.1930e-20 2.7760e-08 
7.2270e-20 2.7780e-08 
7.2600e-20 2.7800e-08 
7.2940e-20 2.7810e-08 
7.3270e-20 2.7830e-08 
7.3610e-20 2.7850e-08 
7.3940e-20 2.7870e-08 
7.4270e-20 2.7880e-08 
7.4610e-20 2.7900e-08 
7.4940e-20 2.7920e-08 
7.5280e-20 2.7930e-08 
7.5610e-20 2.7950e-08 
7.5940e-20 2.7970e-08 
7.6280e-20 2.7990e-08 
7.6610e-20 2.8000e-08 
7.6950e-20 2.8020e-08 
7.7280e-20 2.8040e-08 
7.7610e-20 2.8050e-08 
7.7950e-20 2.8070e-08 
7.8280e-20 2.8090e-08 
7.8620e-20 2.8100e-08 
7.8950e-20 2.8120e-08 
7.9280e-20 2.8130e-08 
7.9620e-20 2.8150e-08 
7.9950e-20 2.8170e-08 
8.0290e-20 2.8180e-08 
8.0620e-20 2.8200e-08 
8.0960e-20 2.8220e-08 
8.1290e-20 2.8230e-08 
8.1620e-20 2.8250e-08 
8.1960e-20 2.8260e-08 
8.2290e-20 2.8280e-08 
8.2630e-20 2.8290e-08 
8.2960e-20 2.8310e-08 
8.3290e-20 2.8330e-08 
8.3630e-20 2.8340e-08 
8.3960e-20 2.8360e-08 
8.4300e-20 2.8370e-08 
8.4630e-20 2.8390e-08 
8.4960e-20 2.8400e-08 
8.5300e-20 2.8420e-08 
8.5630e-20 2.8430e-08 
8.5970e-20 2.8450e-08 
8.6300e-20 2.8470e-08 
8.6640e-20 2.8480e-08 
8.6970e-20 2.8500e-08 
8.7300e-20 2.8510e-08 
8.7640e-20 2.8530e-08 
8.7970e-20 2.8540e-08 
8.8310e-20 2.8560e-08 
8.8640e-20 2.8570e-08 
8.8970e-20 2.8590e-08 
8.9310e-20 2.8600e-08 
8.9640e-20 2.8620e-08 
8.9980e-20 2.8630e-08 
9.0310e-20 2.8650e-08 
9.0640e-20 2.8660e-08 
9.0980e-20 2.8680e-08 
9.1310e-20 2.8690e-08 
9.1650e-20 2.8710e-08 
9.1980e-20 2.8720e-08 
9.2320e-20 2.8730e-08 
9.2650e-20 2.8750e-08 
9.2980e-20 2.8760e-08 
9.3320e-20 2.8780e-08 
9.3650e-20 2.8790e-08 
9.3990e-20 2.8810e-08 
9.4320e-20 2.8820e-08 
9.4650e-20 2.8840e-08 
9.4990e-20 2.8850e-08 
9.5320e-20 2.8860e-08 
9.5660e-20 2.8880e-08 
9.5990e-20 2.8890e-08 
9.6320e-20 2.8910e-08 
9.6660e-20 2.8920e-08 
9.6990e-20 2.8930e-08 
9.7330e-20 2.8950e-08 
9.7660e-20 2.8960e-08 
9.8000e-20 2.8980e-08 
9.8330e-20 2.8990e-08 
9.8660e-20 2.9000e-08 
9.9000e-20 2.9020e-08 
9.9330e-20 2.9030e-08 
9.9670e-20 2.9050e-08 
1.0000e-19 2.9060e-08 
