1.0000e-22 0.0000e+00 
4.3410e-22 1.6910e-15 
7.6820e-22 3.1410e-12 
1.1020e-21 3.8990e-11 
1.4360e-21 1.3910e-10 
1.7710e-21 3.0820e-10 
2.1050e-21 5.2760e-10 
2.4390e-21 7.8600e-10 
2.7730e-21 1.0720e-09 
3.1070e-21 1.3740e-09 
3.4410e-21 1.6780e-09 
3.7750e-21 1.9660e-09 
4.1090e-21 2.2260e-09 
4.4430e-21 2.4510e-09 
4.7780e-21 2.6410e-09 
5.1120e-21 2.7990e-09 
5.4460e-21 2.9310e-09 
5.7800e-21 3.0420e-09 
6.1140e-21 3.1350e-09 
6.4480e-21 3.2150e-09 
6.7820e-21 3.2840e-09 
7.1160e-21 3.3450e-09 
7.4510e-21 3.4000e-09 
7.7850e-21 3.4490e-09 
8.1190e-21 3.4940e-09 
8.4530e-21 3.5350e-09 
8.7870e-21 3.5740e-09 
9.1210e-21 3.6100e-09 
9.4550e-21 3.6450e-09 
9.7890e-21 3.6770e-09 
1.0120e-20 3.7090e-09 
1.0460e-20 3.7390e-09 
1.0790e-20 3.7680e-09 
1.1130e-20 3.7960e-09 
1.1460e-20 3.8240e-09 
1.1790e-20 3.8510e-09 
1.2130e-20 3.8770e-09 
1.2460e-20 3.9020e-09 
1.2800e-20 3.9280e-09 
1.3130e-20 3.9520e-09 
1.3460e-20 3.9770e-09 
1.3800e-20 4.0010e-09 
1.4130e-20 4.0240e-09 
1.4470e-20 4.0480e-09 
1.4800e-20 4.0710e-09 
1.5140e-20 4.0930e-09 
1.5470e-20 4.1160e-09 
1.5800e-20 4.1380e-09 
1.6140e-20 4.1600e-09 
1.6470e-20 4.1820e-09 
1.6810e-20 4.2040e-09 
1.7140e-20 4.2260e-09 
1.7470e-20 4.2470e-09 
1.7810e-20 4.2680e-09 
1.8140e-20 4.2900e-09 
1.8480e-20 4.3110e-09 
1.8810e-20 4.3310e-09 
1.9140e-20 4.3520e-09 
1.9480e-20 4.3730e-09 
1.9810e-20 4.3930e-09 
2.0150e-20 4.4130e-09 
2.0480e-20 4.4340e-09 
2.0820e-20 4.4540e-09 
2.1150e-20 4.4740e-09 
2.1480e-20 4.4940e-09 
2.1820e-20 4.5140e-09 
2.2150e-20 4.5330e-09 
2.2490e-20 4.5530e-09 
2.2820e-20 4.5720e-09 
2.3150e-20 4.5920e-09 
2.3490e-20 4.6110e-09 
2.3820e-20 4.6300e-09 
2.4160e-20 4.6500e-09 
2.4490e-20 4.6690e-09 
2.4820e-20 4.6880e-09 
2.5160e-20 4.7070e-09 
2.5490e-20 4.7250e-09 
2.5830e-20 4.7440e-09 
2.6160e-20 4.7630e-09 
2.6490e-20 4.7810e-09 
2.6830e-20 4.8000e-09 
2.7160e-20 4.8180e-09 
2.7500e-20 4.8370e-09 
2.7830e-20 4.8550e-09 
2.8170e-20 4.8730e-09 
2.8500e-20 4.8910e-09 
2.8830e-20 4.9100e-09 
2.9170e-20 4.9280e-09 
2.9500e-20 4.9460e-09 
2.9840e-20 4.9630e-09 
3.0170e-20 4.9810e-09 
3.0500e-20 4.9990e-09 
3.0840e-20 5.0170e-09 
3.1170e-20 5.0340e-09 
3.1510e-20 5.0520e-09 
3.1840e-20 5.0690e-09 
3.2170e-20 5.0870e-09 
3.2510e-20 5.1040e-09 
3.2840e-20 5.1220e-09 
3.3180e-20 5.1390e-09 
3.3510e-20 5.1560e-09 
3.3850e-20 5.1730e-09 
3.4180e-20 5.1900e-09 
3.4510e-20 5.2070e-09 
3.4850e-20 5.2240e-09 
3.5180e-20 5.2410e-09 
3.5520e-20 5.2580e-09 
3.5850e-20 5.2750e-09 
3.6180e-20 5.2920e-09 
3.6520e-20 5.3080e-09 
3.6850e-20 5.3250e-09 
3.7190e-20 5.3420e-09 
3.7520e-20 5.3580e-09 
3.7850e-20 5.3750e-09 
3.8190e-20 5.3910e-09 
3.8520e-20 5.4070e-09 
3.8860e-20 5.4240e-09 
3.9190e-20 5.4400e-09 
3.9530e-20 5.4560e-09 
3.9860e-20 5.4720e-09 
4.0190e-20 5.4880e-09 
4.0530e-20 5.5040e-09 
4.0860e-20 5.5200e-09 
4.1200e-20 5.5360e-09 
4.1530e-20 5.5520e-09 
4.1860e-20 5.5680e-09 
4.2200e-20 5.5840e-09 
4.2530e-20 5.6000e-09 
4.2870e-20 5.6150e-09 
4.3200e-20 5.6310e-09 
4.3530e-20 5.6470e-09 
4.3870e-20 5.6620e-09 
4.4200e-20 5.6780e-09 
4.4540e-20 5.6930e-09 
4.4870e-20 5.7090e-09 
4.5210e-20 5.7240e-09 
4.5540e-20 5.7390e-09 
4.5870e-20 5.7550e-09 
4.6210e-20 5.7700e-09 
4.6540e-20 5.7850e-09 
4.6880e-20 5.8000e-09 
4.7210e-20 5.8150e-09 
4.7540e-20 5.8300e-09 
4.7880e-20 5.8450e-09 
4.8210e-20 5.8600e-09 
4.8550e-20 5.8750e-09 
4.8880e-20 5.8900e-09 
4.9210e-20 5.9050e-09 
4.9550e-20 5.9200e-09 
4.9880e-20 5.9350e-09 
5.0220e-20 5.9490e-09 
5.0550e-20 5.9640e-09 
5.0890e-20 5.9790e-09 
5.1220e-20 5.9930e-09 
5.1550e-20 6.0080e-09 
5.1890e-20 6.0220e-09 
5.2220e-20 6.0370e-09 
5.2560e-20 6.0510e-09 
5.2890e-20 6.0660e-09 
5.3220e-20 6.0800e-09 
5.3560e-20 6.0940e-09 
5.3890e-20 6.1090e-09 
5.4230e-20 6.1230e-09 
5.4560e-20 6.1370e-09 
5.4890e-20 6.1510e-09 
5.5230e-20 6.1650e-09 
5.5560e-20 6.1800e-09 
5.5900e-20 6.1940e-09 
5.6230e-20 6.2080e-09 
5.6570e-20 6.2220e-09 
5.6900e-20 6.2360e-09 
5.7230e-20 6.2490e-09 
5.7570e-20 6.2630e-09 
5.7900e-20 6.2770e-09 
5.8240e-20 6.2910e-09 
5.8570e-20 6.3050e-09 
5.8900e-20 6.3190e-09 
5.9240e-20 6.3320e-09 
5.9570e-20 6.3460e-09 
5.9910e-20 6.3600e-09 
6.0240e-20 6.3730e-09 
6.0570e-20 6.3870e-09 
6.0910e-20 6.4000e-09 
6.1240e-20 6.4140e-09 
6.1580e-20 6.4270e-09 
6.1910e-20 6.4410e-09 
6.2250e-20 6.4540e-09 
6.2580e-20 6.4670e-09 
6.2910e-20 6.4810e-09 
6.3250e-20 6.4940e-09 
6.3580e-20 6.5070e-09 
6.3920e-20 6.5210e-09 
6.4250e-20 6.5340e-09 
6.4580e-20 6.5470e-09 
6.4920e-20 6.5600e-09 
6.5250e-20 6.5730e-09 
6.5590e-20 6.5860e-09 
6.5920e-20 6.5990e-09 
6.6250e-20 6.6130e-09 
6.6590e-20 6.6260e-09 
6.6920e-20 6.6390e-09 
6.7260e-20 6.6510e-09 
6.7590e-20 6.6640e-09 
6.7930e-20 6.6770e-09 
6.8260e-20 6.6900e-09 
6.8590e-20 6.7030e-09 
6.8930e-20 6.7160e-09 
6.9260e-20 6.7290e-09 
6.9600e-20 6.7410e-09 
6.9930e-20 6.7540e-09 
7.0260e-20 6.7670e-09 
7.0600e-20 6.7790e-09 
7.0930e-20 6.7920e-09 
7.1270e-20 6.8050e-09 
7.1600e-20 6.8170e-09 
7.1930e-20 6.8300e-09 
7.2270e-20 6.8420e-09 
7.2600e-20 6.8550e-09 
7.2940e-20 6.8670e-09 
7.3270e-20 6.8800e-09 
7.3610e-20 6.8920e-09 
7.3940e-20 6.9050e-09 
7.4270e-20 6.9170e-09 
7.4610e-20 6.9290e-09 
7.4940e-20 6.9420e-09 
7.5280e-20 6.9540e-09 
7.5610e-20 6.9660e-09 
7.5940e-20 6.9780e-09 
7.6280e-20 6.9910e-09 
7.6610e-20 7.0030e-09 
7.6950e-20 7.0150e-09 
7.7280e-20 7.0270e-09 
7.7610e-20 7.0390e-09 
7.7950e-20 7.0510e-09 
7.8280e-20 7.0640e-09 
7.8620e-20 7.0760e-09 
7.8950e-20 7.0880e-09 
7.9280e-20 7.1000e-09 
7.9620e-20 7.1120e-09 
7.9950e-20 7.1240e-09 
8.0290e-20 7.1360e-09 
8.0620e-20 7.1480e-09 
8.0960e-20 7.1590e-09 
8.1290e-20 7.1710e-09 
8.1620e-20 7.1830e-09 
8.1960e-20 7.1950e-09 
8.2290e-20 7.2070e-09 
8.2630e-20 7.2180e-09 
8.2960e-20 7.2300e-09 
8.3290e-20 7.2420e-09 
8.3630e-20 7.2540e-09 
8.3960e-20 7.2650e-09 
8.4300e-20 7.2770e-09 
8.4630e-20 7.2890e-09 
8.4960e-20 7.3000e-09 
8.5300e-20 7.3120e-09 
8.5630e-20 7.3240e-09 
8.5970e-20 7.3350e-09 
8.6300e-20 7.3470e-09 
8.6640e-20 7.3580e-09 
8.6970e-20 7.3700e-09 
8.7300e-20 7.3810e-09 
8.7640e-20 7.3930e-09 
8.7970e-20 7.4040e-09 
8.8310e-20 7.4160e-09 
8.8640e-20 7.4270e-09 
8.8970e-20 7.4390e-09 
8.9310e-20 7.4500e-09 
8.9640e-20 7.4610e-09 
8.9980e-20 7.4730e-09 
9.0310e-20 7.4840e-09 
9.0640e-20 7.4950e-09 
9.0980e-20 7.5070e-09 
9.1310e-20 7.5180e-09 
9.1650e-20 7.5290e-09 
9.1980e-20 7.5400e-09 
9.2320e-20 7.5520e-09 
9.2650e-20 7.5630e-09 
9.2980e-20 7.5740e-09 
9.3320e-20 7.5850e-09 
9.3650e-20 7.5960e-09 
9.3990e-20 7.6070e-09 
9.4320e-20 7.6190e-09 
9.4650e-20 7.6300e-09 
9.4990e-20 7.6410e-09 
9.5320e-20 7.6520e-09 
9.5660e-20 7.6630e-09 
9.5990e-20 7.6740e-09 
9.6320e-20 7.6850e-09 
9.6660e-20 7.6960e-09 
9.6990e-20 7.7070e-09 
9.7330e-20 7.7180e-09 
9.7660e-20 7.7290e-09 
9.8000e-20 7.7400e-09 
9.8330e-20 7.7510e-09 
9.8660e-20 7.7620e-09 
9.9000e-20 7.7720e-09 
9.9330e-20 7.7830e-09 
9.9670e-20 7.7940e-09 
1.0000e-19 7.8050e-09 
