1.0000e-22 0.0000e+00 
7.0170e-22 0.0000e+00 
1.3030e-21 0.0000e+00 
1.9050e-21 0.0000e+00 
2.5070e-21 0.0000e+00 
3.1080e-21 0.0000e+00 
3.7100e-21 0.0000e+00 
4.3120e-21 0.0000e+00 
4.9130e-21 0.0000e+00 
5.5150e-21 0.0000e+00 
6.1170e-21 0.0000e+00 
6.7180e-21 0.0000e+00 
7.3200e-21 0.0000e+00 
7.9220e-21 0.0000e+00 
8.5230e-21 0.0000e+00 
9.1250e-21 0.0000e+00 
9.7270e-21 0.0000e+00 
1.0330e-20 0.0000e+00 
1.0930e-20 0.0000e+00 
1.1530e-20 0.0000e+00 
1.2130e-20 0.0000e+00 
1.2740e-20 0.0000e+00 
1.3340e-20 0.0000e+00 
1.3940e-20 0.0000e+00 
1.4540e-20 0.0000e+00 
1.5140e-20 0.0000e+00 
1.5740e-20 3.7510e-20 
1.6350e-20 9.3400e-20 
1.6950e-20 2.2170e-19 
1.7550e-20 4.8810e-19 
1.8150e-20 1.0220e-18 
1.8750e-20 2.0430e-18 
1.9350e-20 3.9940e-18 
1.9960e-20 7.3570e-18 
2.0560e-20 1.3100e-17 
2.1160e-20 2.2590e-17 
2.1760e-20 3.7840e-17 
2.2360e-20 6.1730e-17 
2.2960e-20 9.8240e-17 
2.3570e-20 1.5500e-16 
2.4170e-20 2.3580e-16 
2.4770e-20 3.5180e-16 
2.5370e-20 5.1540e-16 
2.5970e-20 7.4250e-16 
2.6570e-20 1.0530e-15 
2.7180e-20 1.4710e-15 
2.7780e-20 2.0270e-15 
2.8380e-20 2.7570e-15 
2.8980e-20 3.7050e-15 
2.9580e-20 4.9210e-15 
3.0180e-20 6.5310e-15 
3.0790e-20 8.4910e-15 
3.1390e-20 1.0930e-14 
3.1990e-20 1.3950e-14 
3.2590e-20 1.7660e-14 
3.3190e-20 2.2160e-14 
3.3790e-20 2.7600e-14 
3.4400e-20 3.4120e-14 
3.5000e-20 4.1890e-14 
3.5600e-20 5.1100e-14 
3.6200e-20 6.1950e-14 
3.6800e-20 7.4640e-14 
3.7400e-20 8.9440e-14 
3.8010e-20 1.0660e-13 
3.8610e-20 1.2630e-13 
3.9210e-20 1.4900e-13 
3.9810e-20 1.7600e-13 
4.0410e-20 2.0560e-13 
4.1010e-20 2.3920e-13 
4.1620e-20 2.7720e-13 
4.2220e-20 3.1990e-13 
4.2820e-20 3.6770e-13 
4.3420e-20 4.2120e-13 
4.4020e-20 4.8070e-13 
4.4620e-20 5.4680e-13 
4.5230e-20 6.2000e-13 
4.5830e-20 7.0070e-13 
4.6430e-20 7.8960e-13 
4.7030e-20 8.8710e-13 
4.7630e-20 9.9390e-13 
4.8230e-20 1.1110e-12 
4.8840e-20 1.2380e-12 
4.9440e-20 1.3760e-12 
5.0040e-20 1.5260e-12 
5.0640e-20 1.6880e-12 
5.1240e-20 1.8690e-12 
5.1840e-20 2.0580e-12 
5.2450e-20 2.2610e-12 
5.3050e-20 2.4800e-12 
5.3650e-20 2.7140e-12 
5.4250e-20 2.9640e-12 
5.4850e-20 3.2320e-12 
5.5450e-20 3.5170e-12 
5.6060e-20 3.8210e-12 
5.6660e-20 4.1440e-12 
5.7260e-20 4.4860e-12 
5.7860e-20 4.8490e-12 
5.8460e-20 5.2330e-12 
5.9060e-20 5.6390e-12 
5.9670e-20 6.0680e-12 
6.0270e-20 6.5190e-12 
6.0870e-20 6.9950e-12 
6.1470e-20 7.4940e-12 
6.2070e-20 8.0190e-12 
6.2670e-20 8.5690e-12 
6.3280e-20 9.1460e-12 
6.3880e-20 9.7490e-12 
6.4480e-20 1.0380e-11 
6.5080e-20 1.1030e-11 
6.5680e-20 1.1710e-11 
6.6280e-20 1.2430e-11 
6.6890e-20 1.3170e-11 
6.7490e-20 1.3950e-11 
6.8090e-20 1.4750e-11 
6.8690e-20 1.5590e-11 
6.9290e-20 1.6450e-11 
6.9890e-20 1.7350e-11 
7.0500e-20 1.8280e-11 
7.1100e-20 1.9240e-11 
7.1700e-20 2.0230e-11 
7.2300e-20 2.1260e-11 
7.2900e-20 2.2320e-11 
7.3500e-20 2.3410e-11 
7.4110e-20 2.4540e-11 
7.4710e-20 2.5700e-11 
7.5310e-20 2.6890e-11 
7.5910e-20 2.8120e-11 
7.6510e-20 2.9380e-11 
7.7110e-20 3.0670e-11 
7.7720e-20 3.2000e-11 
7.8320e-20 3.3370e-11 
7.8920e-20 3.4760e-11 
7.9520e-20 3.6200e-11 
8.0120e-20 3.7660e-11 
8.0720e-20 3.9160e-11 
8.1330e-20 4.0700e-11 
8.1930e-20 4.2270e-11 
8.2530e-20 4.3870e-11 
8.3130e-20 4.5560e-11 
8.3730e-20 4.7230e-11 
8.4330e-20 4.8930e-11 
8.4940e-20 5.0670e-11 
8.5540e-20 5.2440e-11 
8.6140e-20 5.4240e-11 
8.6740e-20 5.6080e-11 
8.7340e-20 5.7950e-11 
8.7940e-20 5.9850e-11 
8.8550e-20 6.1780e-11 
8.9150e-20 6.3740e-11 
8.9750e-20 6.5740e-11 
9.0350e-20 6.7770e-11 
9.0950e-20 6.9820e-11 
9.1550e-20 7.1910e-11 
9.2160e-20 7.4030e-11 
9.2760e-20 7.6170e-11 
9.3360e-20 7.8350e-11 
9.3960e-20 8.0550e-11 
9.4560e-20 8.2780e-11 
9.5160e-20 8.5050e-11 
9.5770e-20 8.7330e-11 
9.6370e-20 8.9650e-11 
9.6970e-20 9.1990e-11 
9.7570e-20 9.4360e-11 
9.8170e-20 9.6750e-11 
9.8770e-20 9.9170e-11 
9.9380e-20 1.0160e-10 
9.9980e-20 1.0410e-10 
1.0060e-19 1.0660e-10 
1.0120e-19 1.0910e-10 
1.0180e-19 1.1160e-10 
1.0240e-19 1.1420e-10 
1.0300e-19 1.1680e-10 
1.0360e-19 1.1940e-10 
1.0420e-19 1.2200e-10 
1.0480e-19 1.2480e-10 
1.0540e-19 1.2750e-10 
1.0600e-19 1.3020e-10 
1.0660e-19 1.3290e-10 
1.0720e-19 1.3560e-10 
1.0780e-19 1.3840e-10 
1.0840e-19 1.4110e-10 
1.0900e-19 1.4390e-10 
1.0960e-19 1.4670e-10 
1.1020e-19 1.4950e-10 
1.1080e-19 1.5240e-10 
1.1140e-19 1.5520e-10 
1.1200e-19 1.5810e-10 
1.1260e-19 1.6100e-10 
1.1320e-19 1.6390e-10 
1.1380e-19 1.6680e-10 
1.1440e-19 1.6970e-10 
1.1500e-19 1.7260e-10 
1.1560e-19 1.7560e-10 
1.1620e-19 1.7860e-10 
1.1680e-19 1.8150e-10 
1.1740e-19 1.8450e-10 
1.1800e-19 1.8750e-10 
1.1860e-19 1.9050e-10 
1.1920e-19 1.9360e-10 
1.1980e-19 1.9660e-10 
1.2040e-19 1.9960e-10 
1.2100e-19 2.0270e-10 
1.2160e-19 2.0580e-10 
1.2220e-19 2.0880e-10 
1.2280e-19 2.1190e-10 
1.2340e-19 2.1500e-10 
1.2400e-19 2.1810e-10 
1.2460e-19 2.2120e-10 
1.2520e-19 2.2430e-10 
1.2580e-19 2.2740e-10 
1.2650e-19 2.3060e-10 
1.2710e-19 2.3370e-10 
1.2770e-19 2.3680e-10 
1.2830e-19 2.4000e-10 
1.2890e-19 2.4310e-10 
1.2950e-19 2.4630e-10 
1.3010e-19 2.4950e-10 
1.3070e-19 2.5260e-10 
1.3130e-19 2.5580e-10 
1.3190e-19 2.5900e-10 
1.3250e-19 2.6220e-10 
1.3310e-19 2.6540e-10 
1.3370e-19 2.6850e-10 
1.3430e-19 2.7170e-10 
1.3490e-19 2.7490e-10 
1.3550e-19 2.7810e-10 
1.3610e-19 2.8130e-10 
1.3670e-19 2.8450e-10 
1.3730e-19 2.8770e-10 
1.3790e-19 2.9090e-10 
1.3850e-19 2.9410e-10 
1.3910e-19 2.9730e-10 
1.3970e-19 3.0050e-10 
1.4030e-19 3.0380e-10 
1.4090e-19 3.0700e-10 
1.4150e-19 3.1020e-10 
1.4210e-19 3.1340e-10 
1.4270e-19 3.1660e-10 
1.4330e-19 3.1980e-10 
1.4390e-19 3.2300e-10 
1.4450e-19 3.2630e-10 
1.4510e-19 3.2950e-10 
1.4570e-19 3.3270e-10 
1.4630e-19 3.3590e-10 
1.4690e-19 3.3910e-10 
1.4750e-19 3.4230e-10 
1.4810e-19 3.4550e-10 
1.4870e-19 3.4870e-10 
1.4930e-19 3.5200e-10 
1.4990e-19 3.5520e-10 
1.5050e-19 3.5840e-10 
1.5110e-19 3.6160e-10 
1.5170e-19 3.6480e-10 
1.5230e-19 3.6800e-10 
1.5290e-19 3.7120e-10 
1.5350e-19 3.7440e-10 
1.5410e-19 3.7760e-10 
1.5470e-19 3.8080e-10 
1.5530e-19 3.8400e-10 
1.5590e-19 3.8710e-10 
1.5650e-19 3.9030e-10 
1.5710e-19 3.9350e-10 
1.5770e-19 3.9670e-10 
1.5830e-19 3.9990e-10 
1.5890e-19 4.0300e-10 
1.5950e-19 4.0620e-10 
1.6010e-19 4.0940e-10 
1.6070e-19 4.1250e-10 
1.6130e-19 4.1570e-10 
1.6190e-19 4.1890e-10 
1.6260e-19 4.2200e-10 
1.6320e-19 4.2500e-10 
1.6380e-19 4.2820e-10 
1.6440e-19 4.3130e-10 
1.6500e-19 4.3450e-10 
1.6560e-19 4.3760e-10 
1.6620e-19 4.4070e-10 
1.6680e-19 4.4390e-10 
1.6740e-19 4.4700e-10 
1.6800e-19 4.5010e-10 
1.6860e-19 4.5320e-10 
1.6920e-19 4.5630e-10 
1.6980e-19 4.5950e-10 
1.7040e-19 4.6260e-10 
1.7100e-19 4.6570e-10 
1.7160e-19 4.6880e-10 
1.7220e-19 4.7180e-10 
1.7280e-19 4.7490e-10 
1.7340e-19 4.7800e-10 
1.7400e-19 4.8110e-10 
1.7460e-19 4.8420e-10 
1.7520e-19 4.8720e-10 
1.7580e-19 4.9030e-10 
1.7640e-19 4.9340e-10 
1.7700e-19 4.9640e-10 
1.7760e-19 4.9950e-10 
1.7820e-19 5.0250e-10 
1.7880e-19 5.0560e-10 
1.7940e-19 5.0860e-10 
1.8000e-19 5.1170e-10 
