1.0000e-22 0.0000e+00 
7.0170e-22 0.0000e+00 
1.3030e-21 0.0000e+00 
1.9050e-21 0.0000e+00 
2.5070e-21 0.0000e+00 
3.1080e-21 0.0000e+00 
3.7100e-21 0.0000e+00 
4.3120e-21 0.0000e+00 
4.9130e-21 0.0000e+00 
5.5150e-21 0.0000e+00 
6.1170e-21 0.0000e+00 
6.7180e-21 0.0000e+00 
7.3200e-21 0.0000e+00 
7.9220e-21 0.0000e+00 
8.5230e-21 0.0000e+00 
9.1250e-21 0.0000e+00 
9.7270e-21 0.0000e+00 
1.0330e-20 0.0000e+00 
1.0930e-20 0.0000e+00 
1.1530e-20 0.0000e+00 
1.2130e-20 0.0000e+00 
1.2740e-20 0.0000e+00 
1.3340e-20 0.0000e+00 
1.3940e-20 0.0000e+00 
1.4540e-20 0.0000e+00 
1.5140e-20 0.0000e+00 
1.5740e-20 0.0000e+00 
1.6350e-20 0.0000e+00 
1.6950e-20 0.0000e+00 
1.7550e-20 0.0000e+00 
1.8150e-20 0.0000e+00 
1.8750e-20 0.0000e+00 
1.9350e-20 4.2810e-21 
1.9960e-20 9.3660e-21 
2.0560e-20 1.9590e-20 
2.1160e-20 3.9330e-20 
2.1760e-20 7.6020e-20 
2.2360e-20 1.4190e-19 
2.2960e-20 2.5660e-19 
2.3570e-20 6.6430e-19 
2.4170e-20 1.1560e-18 
2.4770e-20 1.9630e-18 
2.5370e-20 3.2540e-18 
2.5970e-20 5.2770e-18 
2.6570e-20 8.3830e-18 
2.7180e-20 1.3060e-17 
2.7780e-20 1.9990e-17 
2.8380e-20 3.0090e-17 
2.8980e-20 4.4570e-17 
2.9580e-20 6.5030e-17 
3.0180e-20 9.4460e-17 
3.0790e-20 1.3400e-16 
3.1390e-20 1.8780e-16 
3.1990e-20 2.6010e-16 
3.2590e-20 3.5620e-16 
3.3190e-20 4.8260e-16 
3.3790e-20 6.4730e-16 
3.4400e-20 8.5960e-16 
3.5000e-20 1.1320e-15 
3.5600e-20 1.4770e-15 
3.6200e-20 1.9120e-15 
3.6800e-20 2.4560e-15 
3.7400e-20 3.1300e-15 
3.8010e-20 3.9620e-15 
3.8610e-20 4.9800e-15 
3.9210e-20 6.2190e-15 
3.9810e-20 7.7620e-15 
4.0410e-20 9.5740e-15 
4.1010e-20 1.1740e-14 
4.1620e-20 1.4320e-14 
4.2220e-20 1.7370e-14 
4.2820e-20 2.0970e-14 
4.3420e-20 2.5190e-14 
4.4020e-20 3.0110e-14 
4.4620e-20 3.5840e-14 
4.5230e-20 4.2470e-14 
4.5830e-20 5.0130e-14 
4.6430e-20 5.8920e-14 
4.7030e-20 6.8990e-14 
4.7630e-20 8.0480e-14 
4.8230e-20 9.3550e-14 
4.8840e-20 1.0840e-13 
4.9440e-20 1.2510e-13 
5.0040e-20 1.4400e-13 
5.0640e-20 1.6510e-13 
5.1240e-20 1.8940e-13 
5.1840e-20 2.1600e-13 
5.2450e-20 2.4550e-13 
5.3050e-20 2.7840e-13 
5.3650e-20 3.1480e-13 
5.4250e-20 3.5510e-13 
5.4850e-20 3.9950e-13 
5.5450e-20 4.4830e-13 
5.6060e-20 5.0200e-13 
5.6660e-20 5.6080e-13 
5.7260e-20 6.2510e-13 
5.7860e-20 6.9530e-13 
5.8460e-20 7.7170e-13 
5.9060e-20 8.5480e-13 
5.9670e-20 9.4500e-13 
6.0270e-20 1.0430e-12 
6.0870e-20 1.1480e-12 
6.1470e-20 1.2620e-12 
6.2070e-20 1.3850e-12 
6.2670e-20 1.5170e-12 
6.3280e-20 1.6590e-12 
6.3880e-20 1.8120e-12 
6.4480e-20 1.9750e-12 
6.5080e-20 2.1480e-12 
6.5680e-20 2.3340e-12 
6.6280e-20 2.5320e-12 
6.6890e-20 2.7440e-12 
6.7490e-20 2.9690e-12 
6.8090e-20 3.2080e-12 
6.8690e-20 3.4620e-12 
6.9290e-20 3.7310e-12 
6.9890e-20 4.0150e-12 
7.0500e-20 4.3160e-12 
7.1100e-20 4.6340e-12 
7.1700e-20 4.9700e-12 
7.2300e-20 5.3230e-12 
7.2900e-20 5.6950e-12 
7.3500e-20 6.0860e-12 
7.4110e-20 6.4970e-12 
7.4710e-20 6.9290e-12 
7.5310e-20 7.3810e-12 
7.5910e-20 7.8560e-12 
7.6510e-20 8.3520e-12 
7.7110e-20 8.8710e-12 
7.7720e-20 9.4130e-12 
7.8320e-20 9.9790e-12 
7.8920e-20 1.0570e-11 
7.9520e-20 1.1180e-11 
8.0120e-20 1.1820e-11 
8.0720e-20 1.2490e-11 
8.1330e-20 1.3180e-11 
8.1930e-20 1.3910e-11 
8.2530e-20 1.4650e-11 
8.3130e-20 1.5440e-11 
8.3730e-20 1.6250e-11 
8.4330e-20 1.7080e-11 
8.4940e-20 1.7950e-11 
8.5540e-20 1.8840e-11 
8.6140e-20 1.9760e-11 
8.6740e-20 2.0720e-11 
8.7340e-20 2.1700e-11 
8.7940e-20 2.2720e-11 
8.8550e-20 2.3770e-11 
8.9150e-20 2.4850e-11 
8.9750e-20 2.5970e-11 
9.0350e-20 2.7120e-11 
9.0950e-20 2.8300e-11 
9.1550e-20 2.9510e-11 
9.2160e-20 3.0760e-11 
9.2760e-20 3.2040e-11 
9.3360e-20 3.3360e-11 
9.3960e-20 3.4720e-11 
9.4560e-20 3.6110e-11 
9.5160e-20 3.7530e-11 
9.5770e-20 3.8990e-11 
9.6370e-20 4.0490e-11 
9.6970e-20 4.2020e-11 
9.7570e-20 4.3590e-11 
9.8170e-20 4.5190e-11 
9.8770e-20 4.6830e-11 
9.9380e-20 4.8510e-11 
9.9980e-20 5.0230e-11 
1.0060e-19 5.1980e-11 
1.0120e-19 5.3770e-11 
1.0180e-19 5.5600e-11 
1.0240e-19 5.7470e-11 
1.0300e-19 5.9370e-11 
1.0360e-19 6.1310e-11 
1.0420e-19 6.3290e-11 
1.0480e-19 6.5380e-11 
1.0540e-19 6.7430e-11 
1.0600e-19 6.9530e-11 
1.0660e-19 7.1660e-11 
1.0720e-19 7.3830e-11 
1.0780e-19 7.6030e-11 
1.0840e-19 7.8280e-11 
1.0900e-19 8.0560e-11 
1.0960e-19 8.2880e-11 
1.1020e-19 8.5240e-11 
1.1080e-19 8.7630e-11 
1.1140e-19 9.0070e-11 
1.1200e-19 9.2540e-11 
1.1260e-19 9.5050e-11 
1.1320e-19 9.7590e-11 
1.1380e-19 1.0020e-10 
1.1440e-19 1.0280e-10 
1.1500e-19 1.0550e-10 
1.1560e-19 1.0810e-10 
1.1620e-19 1.1090e-10 
1.1680e-19 1.1360e-10 
1.1740e-19 1.1640e-10 
1.1800e-19 1.1930e-10 
1.1860e-19 1.2220e-10 
1.1920e-19 1.2510e-10 
1.1980e-19 1.2800e-10 
1.2040e-19 1.3100e-10 
1.2100e-19 1.3400e-10 
1.2160e-19 1.3710e-10 
1.2220e-19 1.4020e-10 
1.2280e-19 1.4330e-10 
1.2340e-19 1.4650e-10 
1.2400e-19 1.4970e-10 
1.2460e-19 1.5290e-10 
1.2520e-19 1.5620e-10 
1.2580e-19 1.5950e-10 
1.2650e-19 1.6280e-10 
1.2710e-19 1.6620e-10 
1.2770e-19 1.6950e-10 
1.2830e-19 1.7300e-10 
1.2890e-19 1.7640e-10 
1.2950e-19 1.7990e-10 
1.3010e-19 1.8350e-10 
1.3070e-19 1.8700e-10 
1.3130e-19 1.9060e-10 
1.3190e-19 1.9430e-10 
1.3250e-19 1.9790e-10 
1.3310e-19 2.0160e-10 
1.3370e-19 2.0530e-10 
1.3430e-19 2.0910e-10 
1.3490e-19 2.1290e-10 
1.3550e-19 2.1670e-10 
1.3610e-19 2.2050e-10 
1.3670e-19 2.2440e-10 
1.3730e-19 2.2830e-10 
1.3790e-19 2.3220e-10 
1.3850e-19 2.3620e-10 
1.3910e-19 2.4020e-10 
1.3970e-19 2.4420e-10 
1.4030e-19 2.4820e-10 
1.4090e-19 2.5230e-10 
1.4150e-19 2.5640e-10 
1.4210e-19 2.6060e-10 
1.4270e-19 2.6470e-10 
1.4330e-19 2.6890e-10 
1.4390e-19 2.7310e-10 
1.4450e-19 2.7740e-10 
1.4510e-19 2.8160e-10 
1.4570e-19 2.8590e-10 
1.4630e-19 2.9020e-10 
1.4690e-19 2.9460e-10 
1.4750e-19 2.9890e-10 
1.4810e-19 3.0330e-10 
1.4870e-19 3.0780e-10 
1.4930e-19 3.1220e-10 
1.4990e-19 3.1670e-10 
1.5050e-19 3.2120e-10 
1.5110e-19 3.2570e-10 
1.5170e-19 3.3020e-10 
1.5230e-19 3.3480e-10 
1.5290e-19 3.3940e-10 
1.5350e-19 3.4400e-10 
1.5410e-19 3.4860e-10 
1.5470e-19 3.5330e-10 
1.5530e-19 3.5800e-10 
1.5590e-19 3.6270e-10 
1.5650e-19 3.6740e-10 
1.5710e-19 3.7210e-10 
1.5770e-19 3.7690e-10 
1.5830e-19 3.8170e-10 
1.5890e-19 3.8650e-10 
1.5950e-19 3.9130e-10 
1.6010e-19 3.9620e-10 
1.6070e-19 4.0110e-10 
1.6130e-19 4.0600e-10 
1.6190e-19 4.1090e-10 
1.6260e-19 4.1580e-10 
1.6320e-19 4.2060e-10 
1.6380e-19 4.2560e-10 
1.6440e-19 4.3060e-10 
1.6500e-19 4.3560e-10 
1.6560e-19 4.4060e-10 
1.6620e-19 4.4560e-10 
1.6680e-19 4.5070e-10 
1.6740e-19 4.5580e-10 
1.6800e-19 4.6090e-10 
1.6860e-19 4.6600e-10 
1.6920e-19 4.7110e-10 
1.6980e-19 4.7630e-10 
1.7040e-19 4.8150e-10 
1.7100e-19 4.8660e-10 
1.7160e-19 4.9180e-10 
1.7220e-19 4.9710e-10 
1.7280e-19 5.0230e-10 
1.7340e-19 5.0750e-10 
1.7400e-19 5.1280e-10 
1.7460e-19 5.1810e-10 
1.7520e-19 5.2340e-10 
1.7580e-19 5.2870e-10 
1.7640e-19 5.3400e-10 
1.7700e-19 5.3940e-10 
1.7760e-19 5.4470e-10 
1.7820e-19 5.5010e-10 
1.7880e-19 5.5550e-10 
1.7940e-19 5.6090e-10 
1.8000e-19 5.6630e-10 
