1.0000e-22 0.0000e+00 
4.3410e-22 0.0000e+00 
7.6820e-22 0.0000e+00 
1.1020e-21 0.0000e+00 
1.4360e-21 0.0000e+00 
1.7710e-21 3.4900e-14 
2.1050e-21 3.7310e-14 
2.4390e-21 3.9430e-14 
2.7730e-21 4.2320e-14 
3.1070e-21 5.0190e-14 
3.4410e-21 7.2310e-14 
3.7750e-21 1.2110e-13 
4.1090e-21 2.0730e-13 
4.4430e-21 3.3720e-13 
4.7780e-21 5.1200e-13 
5.1120e-21 7.3000e-13 
5.4460e-21 9.8770e-13 
5.7800e-21 1.2810e-12 
6.1140e-21 1.6080e-12 
6.4480e-21 1.9640e-12 
6.7820e-21 2.3480e-12 
7.1160e-21 2.7570e-12 
7.4510e-21 3.1900e-12 
7.7850e-21 3.6460e-12 
8.1190e-21 4.1240e-12 
8.4530e-21 4.6230e-12 
8.7870e-21 5.1420e-12 
9.1210e-21 5.6810e-12 
9.4550e-21 6.2390e-12 
9.7890e-21 6.8170e-12 
1.0120e-20 7.4130e-12 
1.0460e-20 8.0270e-12 
1.0790e-20 8.6590e-12 
1.1130e-20 9.3090e-12 
1.1460e-20 9.9770e-12 
1.1790e-20 1.0660e-11 
1.2130e-20 1.1360e-11 
1.2460e-20 1.2080e-11 
1.2800e-20 1.2820e-11 
1.3130e-20 1.3570e-11 
1.3460e-20 1.4340e-11 
1.3800e-20 1.5130e-11 
1.4130e-20 1.5930e-11 
1.4470e-20 1.6750e-11 
1.4800e-20 1.7580e-11 
1.5140e-20 1.8430e-11 
1.5470e-20 1.9300e-11 
1.5800e-20 2.0180e-11 
1.6140e-20 2.1080e-11 
1.6470e-20 2.1990e-11 
1.6810e-20 2.2920e-11 
1.7140e-20 2.3860e-11 
1.7470e-20 2.4820e-11 
1.7810e-20 2.5790e-11 
1.8140e-20 2.6780e-11 
1.8480e-20 2.7780e-11 
1.8810e-20 2.8790e-11 
1.9140e-20 2.9830e-11 
1.9480e-20 3.0870e-11 
1.9810e-20 3.1930e-11 
2.0150e-20 3.3000e-11 
2.0480e-20 3.4090e-11 
2.0820e-20 3.5190e-11 
2.1150e-20 3.6310e-11 
2.1480e-20 3.7440e-11 
2.1820e-20 3.8580e-11 
2.2150e-20 3.9740e-11 
2.2490e-20 4.0910e-11 
2.2820e-20 4.2090e-11 
2.3150e-20 4.3280e-11 
2.3490e-20 4.4490e-11 
2.3820e-20 4.5710e-11 
2.4160e-20 4.6950e-11 
2.4490e-20 4.8200e-11 
2.4820e-20 4.9460e-11 
2.5160e-20 5.0730e-11 
2.5490e-20 5.2010e-11 
2.5830e-20 5.3310e-11 
2.6160e-20 5.4620e-11 
2.6490e-20 5.5940e-11 
2.6830e-20 5.7270e-11 
2.7160e-20 5.8620e-11 
2.7500e-20 5.9970e-11 
2.7830e-20 6.1340e-11 
2.8170e-20 6.2720e-11 
2.8500e-20 6.4110e-11 
2.8830e-20 6.5520e-11 
2.9170e-20 6.6930e-11 
2.9500e-20 6.8350e-11 
2.9840e-20 6.9790e-11 
3.0170e-20 7.1240e-11 
3.0500e-20 7.2700e-11 
3.0840e-20 7.4160e-11 
3.1170e-20 7.5640e-11 
3.1510e-20 7.7130e-11 
3.1840e-20 7.8630e-11 
3.2170e-20 8.0140e-11 
3.2510e-20 8.1660e-11 
3.2840e-20 8.3200e-11 
3.3180e-20 8.4740e-11 
3.3510e-20 8.6290e-11 
3.3850e-20 8.7850e-11 
3.4180e-20 8.9420e-11 
3.4510e-20 9.1000e-11 
3.4850e-20 9.2590e-11 
3.5180e-20 9.4190e-11 
3.5520e-20 9.5800e-11 
3.5850e-20 9.7420e-11 
3.6180e-20 9.9040e-11 
3.6520e-20 1.0070e-10 
3.6850e-20 1.0230e-10 
3.7190e-20 1.0400e-10 
3.7520e-20 1.0560e-10 
3.7850e-20 1.0730e-10 
3.8190e-20 1.0900e-10 
3.8520e-20 1.1070e-10 
3.8860e-20 1.1240e-10 
3.9190e-20 1.1410e-10 
3.9530e-20 1.1580e-10 
3.9860e-20 1.1750e-10 
4.0190e-20 1.1930e-10 
4.0530e-20 1.2100e-10 
4.0860e-20 1.2280e-10 
4.1200e-20 1.2450e-10 
4.1530e-20 1.2630e-10 
4.1860e-20 1.2810e-10 
4.2200e-20 1.2990e-10 
4.2530e-20 1.3160e-10 
4.2870e-20 1.3340e-10 
4.3200e-20 1.3530e-10 
4.3530e-20 1.3710e-10 
4.3870e-20 1.3890e-10 
4.4200e-20 1.4070e-10 
4.4540e-20 1.4260e-10 
4.4870e-20 1.4440e-10 
4.5210e-20 1.4630e-10 
4.5540e-20 1.4810e-10 
4.5870e-20 1.5000e-10 
4.6210e-20 1.5190e-10 
4.6540e-20 1.5370e-10 
4.6880e-20 1.5560e-10 
4.7210e-20 1.5750e-10 
4.7540e-20 1.5940e-10 
4.7880e-20 1.6130e-10 
4.8210e-20 1.6320e-10 
4.8550e-20 1.6520e-10 
4.8880e-20 1.6710e-10 
4.9210e-20 1.6900e-10 
4.9550e-20 1.7100e-10 
4.9880e-20 1.7290e-10 
5.0220e-20 1.7490e-10 
5.0550e-20 1.7680e-10 
5.0890e-20 1.7880e-10 
5.1220e-20 1.8080e-10 
5.1550e-20 1.8280e-10 
5.1890e-20 1.8480e-10 
5.2220e-20 1.8680e-10 
5.2560e-20 1.8880e-10 
5.2890e-20 1.9080e-10 
5.3220e-20 1.9280e-10 
5.3560e-20 1.9480e-10 
5.3890e-20 1.9680e-10 
5.4230e-20 1.9890e-10 
5.4560e-20 2.0090e-10 
5.4890e-20 2.0290e-10 
5.5230e-20 2.0500e-10 
5.5560e-20 2.0710e-10 
5.5900e-20 2.0910e-10 
5.6230e-20 2.1120e-10 
5.6570e-20 2.1330e-10 
5.6900e-20 2.1530e-10 
5.7230e-20 2.1740e-10 
5.7570e-20 2.1950e-10 
5.7900e-20 2.2160e-10 
5.8240e-20 2.2370e-10 
5.8570e-20 2.2580e-10 
5.8900e-20 2.2790e-10 
5.9240e-20 2.3000e-10 
5.9570e-20 2.3220e-10 
5.9910e-20 2.3430e-10 
6.0240e-20 2.3640e-10 
6.0570e-20 2.3860e-10 
6.0910e-20 2.4070e-10 
6.1240e-20 2.4290e-10 
6.1580e-20 2.4500e-10 
6.1910e-20 2.4720e-10 
6.2250e-20 2.4940e-10 
6.2580e-20 2.5150e-10 
6.2910e-20 2.5370e-10 
6.3250e-20 2.5590e-10 
6.3580e-20 2.5810e-10 
6.3920e-20 2.6030e-10 
6.4250e-20 2.6250e-10 
6.4580e-20 2.6470e-10 
6.4920e-20 2.6690e-10 
6.5250e-20 2.6910e-10 
6.5590e-20 2.7130e-10 
6.5920e-20 2.7350e-10 
6.6250e-20 2.7580e-10 
6.6590e-20 2.7800e-10 
6.6920e-20 2.8020e-10 
6.7260e-20 2.8250e-10 
6.7590e-20 2.8470e-10 
6.7930e-20 2.8700e-10 
6.8260e-20 2.8920e-10 
6.8590e-20 2.9150e-10 
6.8930e-20 2.9370e-10 
6.9260e-20 2.9600e-10 
6.9600e-20 2.9830e-10 
6.9930e-20 3.0060e-10 
7.0260e-20 3.0290e-10 
7.0600e-20 3.0510e-10 
7.0930e-20 3.0740e-10 
7.1270e-20 3.0970e-10 
7.1600e-20 3.1200e-10 
7.1930e-20 3.1430e-10 
7.2270e-20 3.1670e-10 
7.2600e-20 3.1900e-10 
7.2940e-20 3.2130e-10 
7.3270e-20 3.2360e-10 
7.3610e-20 3.2590e-10 
7.3940e-20 3.2830e-10 
7.4270e-20 3.3060e-10 
7.4610e-20 3.3300e-10 
7.4940e-20 3.3530e-10 
7.5280e-20 3.3770e-10 
7.5610e-20 3.4000e-10 
7.5940e-20 3.4240e-10 
7.6280e-20 3.4470e-10 
7.6610e-20 3.4710e-10 
7.6950e-20 3.4950e-10 
7.7280e-20 3.5180e-10 
7.7610e-20 3.5420e-10 
7.7950e-20 3.5660e-10 
7.8280e-20 3.5900e-10 
7.8620e-20 3.6140e-10 
7.8950e-20 3.6380e-10 
7.9280e-20 3.6620e-10 
7.9620e-20 3.6860e-10 
7.9950e-20 3.7100e-10 
8.0290e-20 3.7340e-10 
8.0620e-20 3.7580e-10 
8.0960e-20 3.7830e-10 
8.1290e-20 3.8070e-10 
8.1620e-20 3.8310e-10 
8.1960e-20 3.8560e-10 
8.2290e-20 3.8800e-10 
8.2630e-20 3.9040e-10 
8.2960e-20 3.9290e-10 
8.3290e-20 3.9530e-10 
8.3630e-20 3.9780e-10 
8.3960e-20 4.0020e-10 
8.4300e-20 4.0270e-10 
8.4630e-20 4.0520e-10 
8.4960e-20 4.0760e-10 
8.5300e-20 4.1010e-10 
8.5630e-20 4.1260e-10 
8.5970e-20 4.1510e-10 
8.6300e-20 4.1750e-10 
8.6640e-20 4.2000e-10 
8.6970e-20 4.2250e-10 
8.7300e-20 4.2500e-10 
8.7640e-20 4.2750e-10 
8.7970e-20 4.3000e-10 
8.8310e-20 4.3250e-10 
8.8640e-20 4.3500e-10 
8.8970e-20 4.3760e-10 
8.9310e-20 4.4010e-10 
8.9640e-20 4.4260e-10 
8.9980e-20 4.4510e-10 
9.0310e-20 4.4770e-10 
9.0640e-20 4.5020e-10 
9.0980e-20 4.5270e-10 
9.1310e-20 4.5530e-10 
9.1650e-20 4.5780e-10 
9.1980e-20 4.6040e-10 
9.2320e-20 4.6290e-10 
9.2650e-20 4.6550e-10 
9.2980e-20 4.6800e-10 
9.3320e-20 4.7060e-10 
9.3650e-20 4.7320e-10 
9.3990e-20 4.7570e-10 
9.4320e-20 4.7830e-10 
9.4650e-20 4.8090e-10 
9.4990e-20 4.8350e-10 
9.5320e-20 4.8600e-10 
9.5660e-20 4.8860e-10 
9.5990e-20 4.9120e-10 
9.6320e-20 4.9380e-10 
9.6660e-20 4.9640e-10 
9.6990e-20 4.9900e-10 
9.7330e-20 5.0160e-10 
9.7660e-20 5.0420e-10 
9.8000e-20 5.0680e-10 
9.8330e-20 5.0950e-10 
9.8660e-20 5.1210e-10 
9.9000e-20 5.1470e-10 
9.9330e-20 5.1730e-10 
9.9670e-20 5.2000e-10 
1.0000e-19 5.2260e-10 
