0.0000e+00 1.5135e+01 
7.0258e-06 3.0523e+01 
1.5223e-05 4.8200e+01 
2.4590e-05 6.7876e+01 
3.2787e-05 8.4500e+01 
4.0984e-05 1.0044e+02 
4.9180e-05 1.1544e+02 
5.5035e-05 1.2530e+02 
5.9719e-05 1.3246e+02 
6.4403e-05 1.3878e+02 
6.6745e-05 1.4152e+02 
7.0258e-05 1.4510e+02 
7.3771e-05 1.4814e+02 
7.9625e-05 1.5223e+02 
8.5480e-05 1.5524e+02 
9.2506e-05 1.5770e+02 
9.7190e-05 1.5875e+02 
1.0656e-04 1.5977e+02 
1.1475e-04 1.5956e+02 
1.2178e-04 1.5866e+02 
1.2881e-04 1.5712e+02 
1.3700e-04 1.5435e+02 
1.4871e-04 1.4814e+02 
1.6042e-04 1.3889e+02 
1.7330e-04 1.2502e+02 
1.8852e-04 1.0388e+02 
2.0726e-04 7.1675e+01 
2.2248e-04 4.1715e+01 
2.4239e-04 5.7491e-01 
2.5000e-04 1.5135e+01 
2.5703e-04 3.0523e+01 
2.6522e-04 4.8200e+01 
2.7459e-04 6.7876e+01 
2.8279e-04 8.4500e+01 
2.9098e-04 1.0044e+02 
2.9918e-04 1.1544e+02 
3.0504e-04 1.2530e+02 
3.0972e-04 1.3246e+02 
3.1440e-04 1.3878e+02 
3.1674e-04 1.4152e+02 
3.2026e-04 1.4510e+02 
3.2377e-04 1.4814e+02 
3.2963e-04 1.5223e+02 
3.3548e-04 1.5524e+02 
3.4251e-04 1.5770e+02 
3.4719e-04 1.5875e+02 
3.5656e-04 1.5977e+02 
3.6475e-04 1.5956e+02 
3.7178e-04 1.5866e+02 
3.7881e-04 1.5712e+02 
3.8700e-04 1.5435e+02 
3.9871e-04 1.4814e+02 
4.1042e-04 1.3889e+02 
4.2330e-04 1.2502e+02 
4.3853e-04 1.0388e+02 
4.5726e-04 7.1675e+01 
4.7248e-04 4.1715e+01 
4.9239e-04 5.7491e-01 
5.0000e-04 1.5135e+01 
5.0703e-04 3.0523e+01 
5.1522e-04 4.8200e+01 
5.2459e-04 6.7876e+01 
5.3279e-04 8.4500e+01 
5.4098e-04 1.0044e+02 
5.4918e-04 1.1544e+02 
5.5504e-04 1.2530e+02 
5.5972e-04 1.3246e+02 
5.6440e-04 1.3878e+02 
5.6674e-04 1.4152e+02 
5.7026e-04 1.4510e+02 
5.7377e-04 1.4814e+02 
5.7963e-04 1.5223e+02 
5.8548e-04 1.5524e+02 
5.9251e-04 1.5770e+02 
5.9719e-04 1.5875e+02 
6.0656e-04 1.5977e+02 
6.1475e-04 1.5956e+02 
6.2178e-04 1.5866e+02 
6.2881e-04 1.5712e+02 
6.3700e-04 1.5435e+02 
6.4871e-04 1.4814e+02 
6.6042e-04 1.3889e+02 
6.7330e-04 1.2502e+02 
6.8852e-04 1.0388e+02 
7.0726e-04 7.1675e+01 
7.2248e-04 4.1715e+01 
7.4239e-04 5.7491e-01 
7.5000e-04 1.5135e+01 
7.5703e-04 3.0523e+01 
7.6522e-04 4.8200e+01 
7.7459e-04 6.7876e+01 
7.8279e-04 8.4500e+01 
7.9098e-04 1.0044e+02 
7.9918e-04 1.1544e+02 
8.0504e-04 1.2530e+02 
8.0972e-04 1.3246e+02 
8.1440e-04 1.3878e+02 
8.1674e-04 1.4152e+02 
8.2026e-04 1.4510e+02 
8.2377e-04 1.4814e+02 
8.2963e-04 1.5223e+02 
8.3548e-04 1.5524e+02 
8.4251e-04 1.5770e+02 
8.4719e-04 1.5875e+02 
8.5656e-04 1.5977e+02 
8.6475e-04 1.5956e+02 
8.7178e-04 1.5866e+02 
8.7881e-04 1.5712e+02 
8.8700e-04 1.5435e+02 
8.9871e-04 1.4814e+02 
9.1042e-04 1.3889e+02 
9.2330e-04 1.2502e+02 
9.3852e-04 1.0388e+02 
9.5726e-04 7.1675e+01 
9.7248e-04 4.1715e+01 
9.9239e-04 5.7491e-01 
1.0000e-03 1.5135e+01 
1.0070e-03 3.0523e+01 
1.0152e-03 4.8200e+01 
1.0246e-03 6.7876e+01 
1.0328e-03 8.4500e+01 
1.0410e-03 1.0044e+02 
1.0492e-03 1.1544e+02 
1.0550e-03 1.2530e+02 
1.0597e-03 1.3246e+02 
1.0644e-03 1.3878e+02 
1.0667e-03 1.4152e+02 
1.0703e-03 1.4510e+02 
1.0738e-03 1.4814e+02 
1.0796e-03 1.5223e+02 
1.0855e-03 1.5524e+02 
1.0925e-03 1.5770e+02 
1.0972e-03 1.5875e+02 
1.1066e-03 1.5977e+02 
1.1148e-03 1.5956e+02 
1.1218e-03 1.5866e+02 
1.1288e-03 1.5712e+02 
1.1370e-03 1.5435e+02 
1.1487e-03 1.4814e+02 
1.1604e-03 1.3889e+02 
1.1733e-03 1.2502e+02 
1.1885e-03 1.0388e+02 
1.2073e-03 7.1675e+01 
1.2225e-03 4.1715e+01 
1.2424e-03 5.7491e-01 
1.2500e-03 1.5135e+01 
1.2570e-03 3.0523e+01 
1.2652e-03 4.8200e+01 
1.2746e-03 6.7876e+01 
1.2828e-03 8.4500e+01 
1.2910e-03 1.0044e+02 
1.2992e-03 1.1544e+02 
1.3050e-03 1.2530e+02 
1.3097e-03 1.3246e+02 
1.3144e-03 1.3878e+02 
1.3167e-03 1.4152e+02 
1.3203e-03 1.4510e+02 
1.3238e-03 1.4814e+02 
1.3296e-03 1.5223e+02 
1.3355e-03 1.5524e+02 
1.3425e-03 1.5770e+02 
1.3472e-03 1.5875e+02 
1.3566e-03 1.5977e+02 
1.3648e-03 1.5956e+02 
1.3718e-03 1.5866e+02 
1.3788e-03 1.5712e+02 
1.3870e-03 1.5435e+02 
1.3987e-03 1.4814e+02 
1.4104e-03 1.3889e+02 
1.4233e-03 1.2502e+02 
1.4385e-03 1.0388e+02 
1.4573e-03 7.1675e+01 
1.4725e-03 4.1715e+01 
1.4924e-03 5.7491e-01 
1.5000e-03 1.5135e+01 
1.5070e-03 3.0523e+01 
1.5152e-03 4.8200e+01 
1.5246e-03 6.7876e+01 
1.5328e-03 8.4500e+01 
1.5410e-03 1.0044e+02 
1.5492e-03 1.1544e+02 
1.5550e-03 1.2530e+02 
1.5597e-03 1.3246e+02 
1.5644e-03 1.3878e+02 
1.5667e-03 1.4152e+02 
1.5703e-03 1.4510e+02 
1.5738e-03 1.4814e+02 
1.5796e-03 1.5223e+02 
1.5855e-03 1.5524e+02 
1.5925e-03 1.5770e+02 
1.5972e-03 1.5875e+02 
1.6066e-03 1.5977e+02 
1.6148e-03 1.5956e+02 
1.6218e-03 1.5866e+02 
1.6288e-03 1.5712e+02 
1.6370e-03 1.5435e+02 
1.6487e-03 1.4814e+02 
1.6604e-03 1.3889e+02 
1.6733e-03 1.2502e+02 
1.6885e-03 1.0388e+02 
1.7073e-03 7.1675e+01 
1.7225e-03 4.1715e+01 
1.7424e-03 5.7491e-01 
1.7500e-03 1.5135e+01 
1.7570e-03 3.0523e+01 
1.7652e-03 4.8200e+01 
1.7746e-03 6.7876e+01 
1.7828e-03 8.4500e+01 
1.7910e-03 1.0044e+02 
1.7992e-03 1.1544e+02 
1.8050e-03 1.2530e+02 
1.8097e-03 1.3246e+02 
1.8144e-03 1.3878e+02 
1.8167e-03 1.4152e+02 
1.8203e-03 1.4510e+02 
1.8238e-03 1.4814e+02 
1.8296e-03 1.5223e+02 
1.8355e-03 1.5524e+02 
1.8425e-03 1.5770e+02 
1.8472e-03 1.5875e+02 
1.8566e-03 1.5977e+02 
1.8648e-03 1.5956e+02 
1.8718e-03 1.5866e+02 
1.8788e-03 1.5712e+02 
1.8870e-03 1.5435e+02 
1.8987e-03 1.4814e+02 
1.9104e-03 1.3889e+02 
1.9233e-03 1.2502e+02 
1.9385e-03 1.0388e+02 
1.9573e-03 7.1675e+01 
1.9725e-03 4.1715e+01 
1.9924e-03 5.7491e-01 
2.0000e-03 1.5135e+01 
2.0070e-03 3.0523e+01 
2.0152e-03 4.8200e+01 
2.0246e-03 6.7876e+01 
2.0328e-03 8.4500e+01 
2.0410e-03 1.0044e+02 
2.0492e-03 1.1544e+02 
2.0550e-03 1.2530e+02 
2.0597e-03 1.3246e+02 
2.0644e-03 1.3878e+02 
2.0667e-03 1.4152e+02 
2.0703e-03 1.4510e+02 
2.0738e-03 1.4814e+02 
2.0796e-03 1.5223e+02 
2.0855e-03 1.5524e+02 
2.0925e-03 1.5770e+02 
2.0972e-03 1.5875e+02 
2.1066e-03 1.5977e+02 
2.1148e-03 1.5956e+02 
2.1218e-03 1.5866e+02 
2.1288e-03 1.5712e+02 
2.1370e-03 1.5435e+02 
2.1487e-03 1.4814e+02 
2.1604e-03 1.3889e+02 
2.1733e-03 1.2502e+02 
2.1885e-03 1.0388e+02 
2.2073e-03 7.1675e+01 
2.2225e-03 4.1715e+01 
2.2424e-03 5.7491e-01 
2.2500e-03 1.5135e+01 
2.2570e-03 3.0523e+01 
2.2652e-03 4.8200e+01 
2.2746e-03 6.7876e+01 
2.2828e-03 8.4500e+01 
2.2910e-03 1.0044e+02 
2.2992e-03 1.1544e+02 
2.3050e-03 1.2530e+02 
2.3097e-03 1.3246e+02 
2.3144e-03 1.3878e+02 
2.3167e-03 1.4152e+02 
2.3203e-03 1.4510e+02 
2.3238e-03 1.4814e+02 
2.3296e-03 1.5223e+02 
2.3355e-03 1.5524e+02 
2.3425e-03 1.5770e+02 
2.3472e-03 1.5875e+02 
2.3566e-03 1.5977e+02 
2.3648e-03 1.5956e+02 
2.3718e-03 1.5866e+02 
2.3788e-03 1.5712e+02 
2.3870e-03 1.5435e+02 
2.3987e-03 1.4814e+02 
2.4104e-03 1.3889e+02 
2.4233e-03 1.2502e+02 
2.4385e-03 1.0388e+02 
2.4573e-03 7.1675e+01 
2.4725e-03 4.1715e+01 
2.4924e-03 5.7491e-01 
2.5000e-03 1.5135e+01 
