1.0000e-22 0.0000e+00 
4.3410e-22 0.0000e+00 
7.6820e-22 0.0000e+00 
1.1020e-21 0.0000e+00 
1.4360e-21 0.0000e+00 
1.7710e-21 0.0000e+00 
2.1050e-21 0.0000e+00 
2.4390e-21 0.0000e+00 
2.7730e-21 0.0000e+00 
3.1070e-21 0.0000e+00 
3.4410e-21 0.0000e+00 
3.7750e-21 0.0000e+00 
4.1090e-21 0.0000e+00 
4.4430e-21 0.0000e+00 
4.7780e-21 0.0000e+00 
5.1120e-21 2.4770e-23 
5.4460e-21 1.4310e-22 
5.7800e-21 6.6440e-22 
6.1140e-21 2.5810e-21 
6.4480e-21 8.6490e-21 
6.7820e-21 2.5600e-20 
7.1160e-21 6.8210e-20 
7.4510e-21 1.6610e-19 
7.7850e-21 3.7430e-19 
8.1190e-21 7.8840e-19 
8.4530e-21 1.5660e-18 
8.7870e-21 2.9520e-18 
9.1210e-21 5.3150e-18 
9.4550e-21 9.1870e-18 
9.7890e-21 1.5310e-17 
1.0120e-20 2.4690e-17 
1.0460e-20 3.8650e-17 
1.0790e-20 5.8920e-17 
1.1130e-20 8.7640e-17 
1.1460e-20 1.2810e-16 
1.1790e-20 1.8270e-16 
1.2130e-20 2.5560e-16 
1.2460e-20 3.5150e-16 
1.2800e-20 4.7600e-16 
1.3130e-20 6.3540e-16 
1.3460e-20 8.3680e-16 
1.3800e-20 1.0880e-15 
1.4130e-20 1.4000e-15 
1.4470e-20 1.7800e-15 
1.4800e-20 2.2420e-15 
1.5140e-20 2.7980e-15 
1.5470e-20 3.4600e-15 
1.5800e-20 4.2440e-15 
1.6140e-20 5.1660e-15 
1.6470e-20 6.2430e-15 
1.6810e-20 7.4930e-15 
1.7140e-20 8.9360e-15 
1.7470e-20 1.0590e-14 
1.7810e-20 1.2480e-14 
1.8140e-20 1.4630e-14 
1.8480e-20 1.7060e-14 
1.8810e-20 1.9800e-14 
1.9140e-20 2.2880e-14 
1.9480e-20 2.6310e-14 
1.9810e-20 3.0130e-14 
2.0150e-20 3.4370e-14 
2.0480e-20 3.9060e-14 
2.0820e-20 4.4230e-14 
2.1150e-20 4.9910e-14 
2.1480e-20 5.6130e-14 
2.1820e-20 6.2940e-14 
2.2150e-20 7.0350e-14 
2.2490e-20 7.8410e-14 
2.2820e-20 8.7160e-14 
2.3150e-20 9.6690e-14 
2.3490e-20 1.0690e-13 
2.3820e-20 1.1790e-13 
2.4160e-20 1.2980e-13 
2.4490e-20 1.4250e-13 
2.4820e-20 1.5610e-13 
2.5160e-20 1.7070e-13 
2.5490e-20 1.8630e-13 
2.5830e-20 2.0280e-13 
2.6160e-20 2.2050e-13 
2.6490e-20 2.3930e-13 
2.6830e-20 2.5920e-13 
2.7160e-20 2.8030e-13 
2.7500e-20 3.0260e-13 
2.7830e-20 3.2620e-13 
2.8170e-20 3.5110e-13 
2.8500e-20 3.7740e-13 
2.8830e-20 4.0500e-13 
2.9170e-20 4.3410e-13 
2.9500e-20 4.6470e-13 
2.9840e-20 4.9680e-13 
3.0170e-20 5.3040e-13 
3.0500e-20 5.6560e-13 
3.0840e-20 6.0250e-13 
3.1170e-20 6.4110e-13 
3.1510e-20 6.8140e-13 
3.1840e-20 7.2340e-13 
3.2170e-20 7.6720e-13 
3.2510e-20 8.1290e-13 
3.2840e-20 8.6050e-13 
3.3180e-20 9.1000e-13 
3.3510e-20 9.6140e-13 
3.3850e-20 1.0150e-12 
3.4180e-20 1.0700e-12 
3.4510e-20 1.1280e-12 
3.4850e-20 1.1880e-12 
3.5180e-20 1.2490e-12 
3.5520e-20 1.3130e-12 
3.5850e-20 1.3800e-12 
3.6180e-20 1.4480e-12 
3.6520e-20 1.5190e-12 
3.6850e-20 1.5920e-12 
3.7190e-20 1.6680e-12 
3.7520e-20 1.7450e-12 
3.7850e-20 1.8260e-12 
3.8190e-20 1.9090e-12 
3.8520e-20 1.9940e-12 
3.8860e-20 2.0820e-12 
3.9190e-20 2.1730e-12 
3.9530e-20 2.2660e-12 
3.9860e-20 2.3620e-12 
4.0190e-20 2.4600e-12 
4.0530e-20 2.5610e-12 
4.0860e-20 2.6650e-12 
4.1200e-20 2.7720e-12 
4.1530e-20 2.8810e-12 
4.1860e-20 2.9930e-12 
4.2200e-20 3.1080e-12 
4.2530e-20 3.2260e-12 
4.2870e-20 3.3470e-12 
4.3200e-20 3.4710e-12 
4.3530e-20 3.5980e-12 
4.3870e-20 3.7280e-12 
4.4200e-20 3.8610e-12 
4.4540e-20 3.9970e-12 
4.4870e-20 4.1360e-12 
4.5210e-20 4.2780e-12 
4.5540e-20 4.4240e-12 
4.5870e-20 4.5720e-12 
4.6210e-20 4.7240e-12 
4.6540e-20 4.8790e-12 
4.6880e-20 5.0370e-12 
4.7210e-20 5.1980e-12 
4.7540e-20 5.3630e-12 
4.7880e-20 5.5310e-12 
4.8210e-20 5.7030e-12 
4.8550e-20 5.8770e-12 
4.8880e-20 6.0560e-12 
4.9210e-20 6.2370e-12 
4.9550e-20 6.4220e-12 
4.9880e-20 6.6110e-12 
5.0220e-20 6.8030e-12 
5.0550e-20 6.9980e-12 
5.0890e-20 7.1970e-12 
5.1220e-20 7.3990e-12 
5.1550e-20 7.6050e-12 
5.1890e-20 7.8150e-12 
5.2220e-20 8.0280e-12 
5.2560e-20 8.2450e-12 
5.2890e-20 8.4650e-12 
5.3220e-20 8.6900e-12 
5.3560e-20 8.9170e-12 
5.3890e-20 9.1490e-12 
5.4230e-20 9.3840e-12 
5.4560e-20 9.6230e-12 
5.4890e-20 9.8650e-12 
5.5230e-20 1.0110e-11 
5.5560e-20 1.0360e-11 
5.5900e-20 1.0620e-11 
5.6230e-20 1.0870e-11 
5.6570e-20 1.1130e-11 
5.6900e-20 1.1400e-11 
5.7230e-20 1.1670e-11 
5.7570e-20 1.1940e-11 
5.7900e-20 1.2220e-11 
5.8240e-20 1.2500e-11 
5.8570e-20 1.2790e-11 
5.8900e-20 1.3070e-11 
5.9240e-20 1.3370e-11 
5.9570e-20 1.3660e-11 
5.9910e-20 1.3960e-11 
6.0240e-20 1.4270e-11 
6.0570e-20 1.4580e-11 
6.0910e-20 1.4890e-11 
6.1240e-20 1.5200e-11 
6.1580e-20 1.5530e-11 
6.1910e-20 1.5850e-11 
6.2250e-20 1.6180e-11 
6.2580e-20 1.6510e-11 
6.2910e-20 1.6850e-11 
6.3250e-20 1.7190e-11 
6.3580e-20 1.7530e-11 
6.3920e-20 1.7880e-11 
6.4250e-20 1.8230e-11 
6.4580e-20 1.8590e-11 
6.4920e-20 1.8950e-11 
6.5250e-20 1.9320e-11 
6.5590e-20 1.9690e-11 
6.5920e-20 2.0060e-11 
6.6250e-20 2.0440e-11 
6.6590e-20 2.0820e-11 
6.6920e-20 2.1210e-11 
6.7260e-20 2.1600e-11 
6.7590e-20 2.1990e-11 
6.7930e-20 2.2390e-11 
6.8260e-20 2.2790e-11 
6.8590e-20 2.3200e-11 
6.8930e-20 2.3610e-11 
6.9260e-20 2.4030e-11 
6.9600e-20 2.4450e-11 
6.9930e-20 2.4870e-11 
7.0260e-20 2.5300e-11 
7.0600e-20 2.5730e-11 
7.0930e-20 2.6170e-11 
7.1270e-20 2.6610e-11 
7.1600e-20 2.7050e-11 
7.1930e-20 2.7500e-11 
7.2270e-20 2.7960e-11 
7.2600e-20 2.8420e-11 
7.2940e-20 2.8880e-11 
7.3270e-20 2.9340e-11 
7.3610e-20 2.9820e-11 
7.3940e-20 3.0290e-11 
7.4270e-20 3.0770e-11 
7.4610e-20 3.1250e-11 
7.4940e-20 3.1740e-11 
7.5280e-20 3.2240e-11 
7.5610e-20 3.2730e-11 
7.5940e-20 3.3230e-11 
7.6280e-20 3.3740e-11 
7.6610e-20 3.4250e-11 
7.6950e-20 3.4760e-11 
7.7280e-20 3.5280e-11 
7.7610e-20 3.5810e-11 
7.7950e-20 3.6330e-11 
7.8280e-20 3.6860e-11 
7.8620e-20 3.7400e-11 
7.8950e-20 3.7940e-11 
7.9280e-20 3.8490e-11 
7.9620e-20 3.9040e-11 
7.9950e-20 3.9590e-11 
8.0290e-20 4.0150e-11 
8.0620e-20 4.0710e-11 
8.0960e-20 4.1280e-11 
8.1290e-20 4.1850e-11 
8.1620e-20 4.2420e-11 
8.1960e-20 4.3000e-11 
8.2290e-20 4.3590e-11 
8.2630e-20 4.4180e-11 
8.2960e-20 4.4770e-11 
8.3290e-20 4.5370e-11 
8.3630e-20 4.5970e-11 
8.3960e-20 4.6580e-11 
8.4300e-20 4.7190e-11 
8.4630e-20 4.7800e-11 
8.4960e-20 4.8420e-11 
8.5300e-20 4.9050e-11 
8.5630e-20 4.9680e-11 
8.5970e-20 5.0310e-11 
8.6300e-20 5.0950e-11 
8.6640e-20 5.1590e-11 
8.6970e-20 5.2240e-11 
8.7300e-20 5.2890e-11 
8.7640e-20 5.3540e-11 
8.7970e-20 5.4200e-11 
8.8310e-20 5.4870e-11 
8.8640e-20 5.5540e-11 
8.8970e-20 5.6210e-11 
8.9310e-20 5.6890e-11 
8.9640e-20 5.7570e-11 
8.9980e-20 5.8250e-11 
9.0310e-20 5.8950e-11 
9.0640e-20 5.9640e-11 
9.0980e-20 6.0340e-11 
9.1310e-20 6.1040e-11 
9.1650e-20 6.1750e-11 
9.1980e-20 6.2470e-11 
9.2320e-20 6.3180e-11 
9.2650e-20 6.3910e-11 
9.2980e-20 6.4630e-11 
9.3320e-20 6.5360e-11 
9.3650e-20 6.6100e-11 
9.3990e-20 6.6840e-11 
9.4320e-20 6.7580e-11 
9.4650e-20 6.8330e-11 
9.4990e-20 6.9090e-11 
9.5320e-20 6.9840e-11 
9.5660e-20 7.0610e-11 
9.5990e-20 7.1370e-11 
9.6320e-20 7.2140e-11 
9.6660e-20 7.2920e-11 
9.6990e-20 7.3700e-11 
9.7330e-20 7.4480e-11 
9.7660e-20 7.5270e-11 
9.8000e-20 7.6070e-11 
9.8330e-20 7.6870e-11 
9.8660e-20 7.7670e-11 
9.9000e-20 7.8470e-11 
9.9330e-20 7.9290e-11 
9.9670e-20 8.0100e-11 
1.0000e-19 8.0920e-11 
